# unix_time, cycles_done, cur_path, paths_total, pending_total, pending_favs, map_size, unique_crashes, unique_hangs, max_depth, execs_per_sec
1522270409, 0, 0, 1, 1, 1, 2.03%, 0, 0, 1, 666.67
1522270414, 0, 0, 193, 193, 1, 3.56%, 0, 0, 2, 1056.51
1522270419, 0, 0, 275, 275, 1, 3.77%, 0, 0, 2, 1151.14
1522270424, 0, 0, 577, 576, 0, 4.85%, 0, 0, 2, 1009.70
1522270429, 0, 23, 784, 782, 252, 5.44%, 0, 0, 3, 1121.43
1522270435, 0, 72, 791, 783, 251, 5.44%, 0, 0, 3, 1368.25
1522270440, 0, 98, 795, 782, 247, 5.44%, 0, 0, 3, 1459.37
1522270445, 0, 134, 815, 797, 243, 5.46%, 0, 0, 3, 1437.68
1522270450, 0, 179, 824, 801, 241, 5.47%, 0, 0, 3, 1450.02
1522270455, 0, 192, 836, 810, 241, 5.48%, 0, 0, 3, 1468.85
1522270460, 0, 206, 838, 808, 237, 5.48%, 0, 0, 3, 1466.02
1522270465, 0, 227, 848, 814, 236, 5.53%, 0, 0, 3, 1456.57
1522270470, 0, 241, 856, 818, 234, 5.53%, 0, 0, 3, 1434.96
1522270475, 0, 250, 862, 821, 232, 5.53%, 0, 0, 3, 1353.29
1522270480, 0, 267, 863, 818, 228, 5.53%, 0, 0, 3, 1426.45
1522270486, 0, 295, 870, 821, 225, 5.54%, 0, 0, 3, 1435.18
1522270491, 0, 303, 890, 838, 237, 5.73%, 0, 0, 3, 1459.83
1522270496, 0, 306, 893, 838, 235, 5.73%, 0, 0, 3, 1422.22
1522270501, 0, 326, 910, 852, 237, 5.76%, 0, 0, 3, 1436.20
1522270506, 0, 342, 920, 858, 235, 5.77%, 0, 0, 3, 1444.70
1522270511, 0, 349, 927, 861, 231, 5.78%, 0, 0, 3, 1404.93
1522270516, 0, 361, 928, 859, 230, 5.78%, 0, 0, 3, 1451.35
1522270521, 0, 387, 935, 862, 228, 5.78%, 0, 0, 3, 1418.26
1522270527, 0, 396, 944, 868, 224, 5.83%, 0, 0, 3, 1414.57
1522270532, 0, 404, 946, 866, 220, 5.83%, 0, 0, 3, 1433.95
1522270537, 0, 412, 956, 873, 214, 5.83%, 0, 0, 3, 1434.34
1522270542, 0, 439, 966, 879, 211, 5.84%, 0, 0, 3, 1435.81
1522270547, 0, 445, 970, 880, 210, 5.86%, 0, 0, 3, 1452.49
1522270552, 0, 460, 977, 883, 209, 5.87%, 0, 0, 3, 1422.53
1522270557, 0, 483, 995, 898, 214, 5.89%, 0, 0, 3, 1401.76
1522270562, 0, 499, 1000, 899, 210, 5.89%, 0, 0, 3, 1416.01
1522270567, 0, 514, 1029, 925, 216, 5.92%, 0, 0, 3, 1433.52
1522270572, 0, 523, 1041, 934, 216, 5.99%, 0, 0, 3, 1349.46
1522270580, 0, 523, 1045, 938, 216, 5.99%, 0, 0, 3, 5.37
1522270585, 0, 533, 1050, 941, 219, 5.99%, 0, 0, 3, 1266.09
1522270590, 0, 545, 1076, 960, 214, 6.05%, 0, 0, 3, 1398.24
1522270595, 0, 567, 1077, 955, 209, 6.05%, 0, 0, 3, 1452.82
1522270600, 0, 592, 1084, 955, 206, 6.05%, 0, 0, 3, 1431.59
1522270605, 0, 599, 1093, 961, 205, 6.06%, 0, 0, 3, 1438.71
1522270611, 0, 623, 1098, 961, 203, 6.06%, 0, 0, 3, 1419.46
1522270616, 0, 634, 1100, 958, 199, 6.06%, 0, 0, 3, 1418.70
1522270623, 0, 643, 1105, 959, 198, 6.06%, 0, 0, 3, 10.10
1522270628, 0, 645, 1106, 959, 197, 6.06%, 0, 0, 3, 1530.00
1522270633, 0, 648, 1107, 959, 196, 6.06%, 0, 0, 3, 1478.43
1522270644, 0, 661, 1140, 989, 201, 6.10%, 0, 0, 3, 1273.16
1522270650, 0, 670, 1145, 991, 201, 6.11%, 0, 0, 3, 12.88
1522270655, 0, 676, 1145, 990, 200, 6.11%, 0, 0, 3, 7.74
1522270661, 0, 698, 1152, 993, 199, 6.13%, 0, 0, 3, 8.13
1522270666, 0, 702, 1157, 995, 199, 6.13%, 0, 0, 3, 1480.00
1522270673, 0, 720, 1162, 996, 196, 6.14%, 0, 0, 3, 9.15
1522270678, 0, 733, 1165, 994, 192, 6.14%, 0, 0, 3, 1421.48
1522270683, 0, 749, 1166, 990, 187, 6.14%, 0, 0, 3, 1500.00
1522270689, 0, 752, 1166, 987, 184, 6.14%, 0, 0, 3, 15.80
1522270695, 0, 763, 1175, 992, 182, 6.14%, 0, 0, 3, 0.48
1522270705, 0, 776, 1178, 992, 181, 6.15%, 0, 0, 4, 0.69
1522270710, 0, 784, 1178, 988, 178, 6.15%, 0, 0, 4, 30.37
1522270715, 0, 790, 1206, 1013, 188, 6.21%, 0, 0, 4, 1459.69
1522270720, 0, 803, 1236, 1039, 193, 6.29%, 0, 0, 4, 1421.28
1522270731, 0, 815, 1236, 1037, 191, 6.29%, 0, 0, 4, 3.98
1522270736, 0, 823, 1252, 1049, 195, 6.33%, 0, 0, 4, 1448.04
1522270741, 0, 837, 1258, 1052, 192, 6.42%, 0, 0, 4, 1360.39
1522270751, 0, 847, 1271, 1063, 199, 6.51%, 0, 0, 4, 4.78
1522270756, 0, 861, 1297, 1084, 198, 6.53%, 0, 0, 4, 1456.42
1522270761, 0, 870, 1299, 1083, 195, 6.53%, 0, 0, 4, 1360.20
1522270768, 0, 874, 1300, 1081, 193, 6.54%, 0, 0, 4, 5.35
1522270783, 0, 886, 1323, 1097, 189, 6.54%, 0, 0, 4, 2.40
1522270788, 0, 920, 1336, 1104, 181, 6.54%, 0, 0, 4, 1361.34
1522270793, 0, 925, 1339, 1104, 177, 6.54%, 0, 0, 4, 1445.23
1522270803, 0, 931, 1341, 1104, 176, 6.54%, 0, 0, 4, 3.97
1522270808, 0, 942, 1345, 1105, 173, 6.55%, 0, 0, 4, 42.23
1522270816, 0, 942, 1385, 1144, 172, 6.58%, 0, 0, 4, 5.26
1522270821, 0, 968, 1385, 1140, 180, 6.58%, 0, 0, 4, 1452.38
1522270827, 0, 969, 1398, 1152, 184, 6.59%, 0, 0, 4, 1.35
1522270835, 0, 978, 1398, 1150, 182, 6.59%, 0, 0, 4, 5.28
1522270843, 0, 983, 1413, 1162, 183, 6.60%, 0, 0, 4, 5.06
1522270848, 0, 1004, 1420, 1164, 177, 6.61%, 0, 0, 4, 1345.50
1522270853, 0, 1019, 1420, 1160, 172, 6.61%, 0, 0, 4, 1322.05
1522270858, 0, 1042, 1427, 1158, 164, 6.62%, 0, 0, 4, 1345.01
1522270863, 0, 1049, 1429, 1154, 160, 6.62%, 0, 0, 4, 1281.26
1522270871, 0, 1055, 1430, 1152, 158, 6.62%, 0, 0, 4, 6.83
1522270878, 0, 1065, 1434, 1153, 154, 6.63%, 0, 0, 4, 6.23
1522270886, 0, 1071, 1439, 1153, 152, 6.63%, 0, 0, 4, 7.42
1522270891, 0, 1086, 1443, 1151, 147, 6.63%, 0, 0, 4, 1436.84
1522270903, 0, 1087, 1448, 1155, 146, 6.63%, 0, 0, 4, 3.40
1522270908, 0, 1087, 1451, 1158, 146, 6.63%, 0, 0, 4, 12.83
1522270913, 0, 1099, 1471, 1174, 145, 6.65%, 0, 0, 4, 1256.02
1522270922, 0, 1122, 1471, 1171, 141, 6.65%, 0, 0, 4, 3.03
1522270936, 0, 1130, 1493, 1190, 142, 6.67%, 0, 0, 4, 1360.23
1522270947, 0, 1135, 1494, 1189, 140, 6.68%, 0, 0, 4, 0.14
1522270956, 0, 1140, 1520, 1213, 144, 6.69%, 0, 0, 4, 4.70
1522270973, 0, 1141, 1521, 1213, 144, 6.69%, 0, 0, 4, 1.72
1522270978, 0, 1146, 1549, 1237, 152, 6.76%, 0, 0, 4, 1413.12
1522270984, 0, 1151, 1549, 1235, 150, 6.76%, 0, 0, 4, 11.14
1522270999, 0, 1156, 1552, 1236, 149, 6.77%, 0, 0, 4, 2.28
1522271007, 0, 1168, 1552, 1232, 145, 6.77%, 0, 0, 4, 0.26
1522271016, 0, 1177, 1570, 1245, 146, 6.80%, 0, 0, 4, 5.49
1522271021, 0, 1182, 1578, 1251, 147, 6.81%, 0, 0, 4, 1375.00
1522271026, 0, 1192, 1584, 1252, 142, 6.81%, 0, 0, 4, 1445.92
1522271032, 0, 1197, 1584, 1250, 140, 6.81%, 0, 0, 4, 12.11
1522271039, 0, 1202, 1590, 1254, 139, 6.81%, 0, 0, 4, 1.62
1522271045, 0, 1214, 1590, 1250, 135, 6.81%, 0, 0, 4, 8.47
1522271050, 0, 1235, 1601, 1253, 130, 6.81%, 0, 0, 4, 1432.20
1522271055, 0, 1249, 1609, 1256, 125, 6.81%, 0, 0, 5, 1471.69
1522271062, 0, 1265, 1616, 1257, 121, 6.82%, 0, 0, 5, 4.27
1522271067, 0, 1286, 1631, 1267, 118, 6.86%, 0, 0, 5, 1322.13
1522271072, 0, 1296, 1636, 1269, 121, 6.90%, 0, 0, 5, 1394.90
1522271077, 0, 1298, 1636, 1267, 119, 6.90%, 0, 0, 5, 1288.58
1522271084, 0, 1299, 1639, 1268, 117, 6.91%, 0, 0, 5, 0.55
1522271093, 0, 1334, 1647, 1273, 116, 6.91%, 0, 0, 5, 5.30
1522271099, 0, 1344, 1659, 1282, 120, 6.93%, 0, 0, 5, 2.16
1522271104, 0, 1371, 1661, 1277, 115, 6.93%, 0, 0, 5, 1336.32
1522271109, 0, 1385, 1671, 1285, 119, 6.95%, 0, 0, 5, 1375.00
1522271116, 0, 1408, 1675, 1284, 117, 6.95%, 0, 0, 5, 10.84
1522271121, 0, 1420, 1679, 1281, 111, 6.95%, 0, 0, 5, 1485.10
1522271126, 0, 1432, 1684, 1282, 108, 6.95%, 0, 0, 5, 1413.57
1522271132, 0, 1437, 1696, 1290, 109, 6.97%, 0, 0, 5, 1405.45
1522271137, 0, 1451, 1700, 1289, 105, 6.97%, 0, 0, 5, 1381.78
1522271142, 0, 1479, 1707, 1290, 102, 6.97%, 0, 0, 5, 1363.13
1522271147, 0, 1494, 1713, 1291, 102, 6.99%, 0, 0, 5, 1402.21
1522271152, 0, 1523, 1720, 1289, 92, 6.99%, 0, 0, 5, 1366.43
1522271157, 0, 1530, 1723, 1287, 89, 7.03%, 0, 0, 5, 1314.74
1522271162, 0, 1546, 1734, 1292, 86, 7.04%, 0, 0, 5, 1284.05
1522271167, 0, 1556, 1736, 1290, 82, 7.04%, 0, 0, 5, 1385.59
1522271173, 0, 1566, 1737, 1287, 78, 7.04%, 0, 0, 5, 1411.95
1522271178, 0, 1580, 1751, 1295, 75, 7.04%, 0, 0, 5, 1401.66
1522271183, 0, 1591, 1751, 1291, 71, 7.04%, 0, 0, 5, 1461.64
1522271195, 0, 1600, 1772, 1309, 79, 7.08%, 0, 0, 5, 1432.55
1522271200, 0, 1616, 1783, 1316, 76, 7.08%, 0, 0, 5, 1377.90
1522271206, 0, 1623, 1783, 1314, 74, 7.08%, 0, 0, 5, 0.23
1522271214, 0, 1629, 1792, 1321, 73, 7.09%, 0, 0, 5, 4.66
1522271221, 0, 1633, 1794, 1320, 72, 7.10%, 0, 0, 5, 9.07
1522271226, 0, 1647, 1809, 1330, 77, 7.15%, 0, 0, 5, 1458.66
1522271235, 0, 1650, 1815, 1333, 77, 7.15%, 0, 0, 5, 4.48
1522271245, 0, 1657, 1826, 1340, 77, 7.16%, 0, 0, 5, 3.58
1522271251, 0, 1664, 1826, 1337, 74, 7.16%, 0, 0, 5, 2.42
1522271258, 0, 1671, 1842, 1349, 76, 7.17%, 0, 0, 5, 8.17
1522271266, 0, 1672, 1843, 1349, 77, 7.17%, 0, 0, 5, 0.28
1522271271, 0, 1686, 1861, 1362, 85, 7.21%, 0, 0, 5, 1386.80
1522271279, 0, 1693, 1862, 1360, 84, 7.21%, 0, 0, 5, 6.19
1522271290, 0, 1696, 1862, 1358, 82, 7.21%, 0, 0, 5, 3.39
1522271298, 0, 1714, 1875, 1366, 81, 7.23%, 0, 0, 5, 7.24
1522271303, 0, 1723, 1881, 1368, 81, 7.23%, 0, 0, 5, 1351.23
1522271320, 0, 1738, 1889, 1373, 85, 7.24%, 0, 0, 5, 1.36
1522271326, 0, 1751, 1889, 1369, 81, 7.24%, 0, 0, 5, 3.09
1522271331, 0, 1786, 1910, 1380, 83, 7.32%, 0, 0, 5, 1422.11
1522271336, 0, 1799, 1920, 1384, 78, 7.32%, 0, 0, 5, 1350.72
1522271341, 0, 1804, 1920, 1381, 76, 7.32%, 0, 0, 5, 1296.13
1522271347, 0, 1805, 1920, 1380, 75, 7.32%, 0, 0, 5, 0.19
1522271354, 0, 1816, 1928, 1380, 70, 7.33%, 0, 0, 5, 0.37
1522271360, 0, 1824, 1935, 1384, 74, 7.36%, 0, 0, 5, 7.27
1522271367, 0, 1834, 1942, 1386, 71, 7.38%, 0, 0, 5, 0.35
1522271372, 0, 1841, 1943, 1384, 68, 7.38%, 0, 0, 6, 1421.51
1522271381, 0, 1847, 1946, 1382, 63, 7.38%, 0, 0, 6, 5.55
1522271388, 0, 1850, 1950, 1384, 64, 7.39%, 0, 0, 6, 4.90
1522271396, 0, 1861, 1953, 1380, 58, 7.39%, 0, 0, 6, 5.22
1522271402, 0, 1881, 1956, 1377, 52, 7.39%, 0, 0, 6, 14.85
1522271407, 0, 1891, 1962, 1377, 48, 7.39%, 0, 0, 6, 1371.42
1522271412, 0, 1898, 1966, 1377, 44, 7.40%, 0, 0, 6, 1413.46
1522271422, 0, 1907, 1966, 1372, 40, 7.40%, 0, 0, 6, 0.20
1522271429, 0, 1923, 1972, 1373, 39, 7.40%, 0, 0, 6, 10.33
1522271434, 0, 1931, 1973, 1369, 34, 7.40%, 0, 0, 6, 1375.00
1522271439, 0, 1946, 1987, 1375, 35, 7.49%, 0, 0, 6, 1384.28
1522271446, 0, 1958, 1989, 1372, 31, 7.49%, 0, 0, 6, 7.29
1522271455, 0, 1961, 1989, 1371, 30, 7.49%, 0, 0, 6, 3.98
1522271478, 0, 1966, 2030, 1409, 52, 7.71%, 0, 0, 6, 1.49
1522271488, 0, 1971, 2030, 1407, 50, 7.71%, 0, 0, 6, 0.17
1522271493, 0, 1978, 2074, 1448, 67, 7.84%, 0, 0, 6, 1330.07
1522271498, 0, 1992, 2077, 1446, 63, 7.84%, 0, 0, 6, 1435.00
1522271503, 0, 2007, 2078, 1439, 55, 7.85%, 0, 0, 6, 1303.02
1522271508, 0, 2030, 2082, 1432, 44, 7.87%, 0, 0, 6, 1269.07
1522271514, 0, 2045, 2088, 1428, 38, 7.89%, 0, 0, 6, 1297.45
