# unix_time, cycles_done, cur_path, paths_total, pending_total, pending_favs, map_size, unique_crashes, unique_hangs, max_depth, execs_per_sec
1522270082, 0, 0, 1, 1, 1, 2.03%, 0, 0, 1, 800.00
1522270088, 0, 0, 77, 77, 1, 2.81%, 0, 0, 2, 1104.80
1522270093, 0, 0, 100, 100, 1, 2.94%, 0, 0, 2, 1123.97
1522270113, 0, 0, 161, 161, 1, 3.04%, 0, 0, 2, 1122.63
1522270123, 0, 0, 170, 170, 1, 3.07%, 0, 0, 2, 1118.28
1522270128, 0, 0, 175, 175, 1, 3.07%, 0, 0, 2, 1102.29
1522270133, 0, 0, 180, 180, 1, 3.07%, 0, 0, 2, 1110.26
1522270138, 0, 0, 216, 216, 1, 3.23%, 0, 0, 2, 1117.87
1522270144, 0, 0, 308, 308, 1, 3.43%, 0, 0, 2, 1160.36
1522270149, 0, 0, 327, 327, 1, 3.45%, 0, 0, 2, 1140.76
1522270154, 0, 0, 374, 374, 1, 3.56%, 0, 0, 2, 1157.78
1522270159, 0, 0, 419, 419, 1, 4.04%, 0, 0, 2, 1144.35
1522270164, 0, 0, 420, 420, 1, 4.05%, 0, 0, 2, 1134.64
1522270185, 0, 0, 421, 421, 1, 4.05%, 0, 0, 2, 1125.83
1522270190, 0, 0, 422, 422, 1, 4.05%, 0, 0, 2, 1124.00
1522270195, 0, 0, 423, 423, 1, 4.06%, 0, 0, 2, 1124.19
1522270200, 0, 0, 424, 424, 1, 4.06%, 0, 0, 2, 1121.57
1522270210, 0, 0, 433, 433, 1, 4.08%, 0, 0, 2, 1158.71
1522270215, 0, 0, 435, 435, 1, 4.18%, 0, 0, 2, 1151.99
1522270220, 0, 0, 442, 442, 1, 4.19%, 0, 0, 2, 1151.42
1522270226, 0, 0, 463, 463, 1, 4.20%, 0, 0, 2, 1160.78
1522270256, 0, 0, 466, 466, 1, 4.20%, 0, 0, 2, 977.14
1522270287, 0, 0, 468, 468, 1, 4.20%, 0, 0, 2, 1025.01
1522270292, 0, 0, 470, 470, 1, 4.21%, 0, 0, 2, 1031.49
1522270297, 0, 0, 474, 474, 1, 4.21%, 0, 0, 2, 978.98
1522270302, 0, 0, 482, 482, 1, 4.21%, 0, 0, 2, 993.00
1522270307, 0, 0, 483, 483, 1, 4.21%, 0, 0, 2, 976.85
1522270312, 0, 0, 488, 488, 1, 4.22%, 0, 0, 2, 979.25
1522270318, 0, 0, 494, 494, 1, 4.23%, 0, 0, 2, 1048.33
1522270323, 0, 0, 536, 536, 1, 4.28%, 0, 0, 2, 1068.58
1522270328, 0, 0, 538, 538, 1, 4.28%, 0, 0, 2, 1009.67
1522270333, 0, 0, 539, 539, 1, 4.28%, 0, 0, 2, 992.34
1522270338, 0, 0, 545, 545, 1, 4.28%, 0, 0, 2, 950.62
1522270358, 0, 0, 546, 546, 1, 4.28%, 0, 0, 2, 973.01
1522270363, 0, 0, 548, 548, 1, 4.28%, 0, 0, 2, 921.74
1522270394, 0, 0, 549, 549, 1, 4.32%, 0, 0, 2, 972.51
1522270399, 0, 0, 550, 550, 1, 4.32%, 0, 0, 2, 1031.33
1522270404, 0, 0, 551, 551, 1, 4.32%, 0, 0, 2, 1008.31
1522270409, 0, 0, 557, 557, 1, 4.58%, 0, 0, 2, 1021.94
1522270419, 0, 0, 560, 560, 1, 4.59%, 0, 0, 2, 985.93
1522270424, 0, 0, 561, 561, 1, 4.59%, 0, 0, 2, 976.50
1522270429, 0, 0, 562, 562, 1, 4.60%, 0, 0, 2, 945.23
1522270435, 0, 0, 563, 563, 1, 4.60%, 0, 0, 2, 985.56
1522270440, 0, 0, 564, 564, 1, 4.60%, 0, 0, 2, 1006.68
1522270452, 0, 0, 565, 565, 1, 4.61%, 0, 0, 2, 3.43
1522270470, 0, 0, 568, 568, 1, 4.61%, 0, 0, 2, 740.05
1522270508, 0, 0, 569, 569, 1, 4.61%, 0, 0, 2, 5.30
1522270538, 0, 0, 570, 570, 1, 4.61%, 0, 0, 2, 7.51
1522270548, 0, 0, 578, 578, 1, 4.61%, 0, 0, 2, 2.25
1522270553, 0, 0, 602, 602, 1, 4.61%, 0, 0, 2, 757.26
1522270558, 0, 0, 604, 604, 1, 4.62%, 0, 0, 2, 824.16
1522270606, 0, 0, 606, 606, 1, 4.62%, 0, 0, 2, 3.16
1522270613, 0, 0, 612, 612, 1, 4.62%, 0, 0, 2, 6.06
1522270618, 0, 0, 616, 616, 1, 4.62%, 0, 0, 2, 753.55
1522270623, 0, 0, 618, 618, 1, 4.62%, 0, 0, 2, 755.98
1522270644, 0, 0, 619, 619, 1, 4.62%, 0, 0, 2, 757.35
1522270887, 0, 0, 620, 620, 1, 4.63%, 0, 0, 2, 1057.33
1522271000, 0, 0, 621, 621, 1, 4.63%, 0, 0, 2, 1018.70
1522271043, 0, 0, 624, 624, 1, 4.64%, 0, 0, 2, 5.32
1522271051, 0, 0, 625, 625, 1, 4.64%, 0, 0, 2, 2.84
1522271058, 0, 0, 629, 629, 1, 4.65%, 0, 0, 2, 5.88
1522271088, 0, 0, 631, 631, 1, 4.66%, 0, 0, 2, 827.71
1522271103, 0, 0, 635, 635, 1, 4.67%, 0, 0, 2, 1.39
1522271108, 0, 0, 646, 646, 1, 4.69%, 0, 0, 2, 925.43
1522271138, 0, 0, 647, 647, 1, 4.69%, 0, 0, 2, 760.29
1522271243, 0, 0, 650, 650, 1, 4.69%, 0, 0, 2, 21.89
1522271285, 0, 0, 652, 652, 1, 4.69%, 0, 0, 2, 879.55
1522271296, 0, 0, 654, 654, 1, 4.69%, 0, 0, 2, 1042.78
1522271315, 0, 0, 655, 655, 1, 4.70%, 0, 0, 2, 1.71
1522271377, 0, 0, 660, 660, 1, 4.70%, 0, 0, 2, 2.27
1522271442, 0, 0, 661, 661, 1, 4.70%, 0, 0, 2, 5.58
1522271451, 0, 0, 663, 663, 1, 4.70%, 0, 0, 2, 2.68
1522271458, 0, 0, 690, 690, 1, 4.72%, 0, 0, 2, 2.84
1522271471, 0, 0, 710, 710, 1, 4.72%, 0, 0, 2, 2.49
1522271481, 0, 0, 726, 726, 1, 4.73%, 0, 0, 2, 3.46
1522271486, 0, 0, 737, 737, 1, 4.74%, 0, 0, 2, 1125.19
1522271493, 0, 0, 740, 740, 1, 4.74%, 0, 0, 2, 6.89
1522271506, 0, 0, 742, 742, 1, 4.74%, 0, 0, 2, 2.35
1522271516, 0, 0, 743, 743, 1, 4.74%, 0, 0, 2, 2.74
1522271521, 0, 0, 748, 748, 1, 4.75%, 0, 0, 2, 1590.00
1522271526, 0, 0, 753, 753, 1, 4.75%, 0, 0, 2, 1577.03
1522271531, 0, 0, 1404, 1403, 0, 7.49%, 0, 0, 2, 1310.18
1522271536, 0, 0, 1863, 1862, 0, 7.89%, 0, 0, 2, 1231.43
1522271547, 0, 2, 1863, 1862, 534, 7.89%, 0, 0, 2, 1528.51
1522271552, 0, 3, 1863, 1861, 533, 7.89%, 0, 0, 2, 1718.10
1522271557, 0, 6, 1863, 1859, 531, 7.89%, 0, 0, 2, 1758.67
1522271562, 0, 21, 1865, 1860, 530, 7.89%, 0, 0, 3, 1637.34
1522271577, 0, 21, 1867, 1862, 530, 7.89%, 0, 0, 3, 1125.79
