000020
000155
000225
000261
000281
000289
000352
000384
000407
000485
000574
000628
000647
000659
000662
000750
000751
000763
000877
000892
000965
001087
001214
001242
001258
001275
001378
001393
001399
001470
001641
001658
001704
001736
001816
001918
001954
001970
002022
002068
002156
002163
002272
002298
002355
002419
002551
002559
002603
002628
002692
002723
002796
002807
002850
002896
002926
002956
003019
003035
003042
003049
003133
003135
003165
003168
003225
003274
003330
003609
003623
003645
003672
003775
003803
003836
003847
003932
003971
004029
004056
004071
004117
004120
004177
004198
004248
004301
004367
004417
004438
004564
004694
004726
004737
004747
004763
004804
004849
004875
004886
004922
005117
005123
005129
005176
005213
005217
005300
005440
005499
005502
005527
005536
005619
005716
005721
005799
005888
005902
005987
006014
006015
006021
006071
006090
006103
006175
006254
006282
006325
006332
006341
006411
006421
006435
006648
006813
006814
006883
006923
006970
007276
007281
007374
007446
007492
007507
007531
007546
007613
007625
007721
007754
007776
007823
007827
007836
007857
008022
008098
008174
008206
008320
008520
008537
008543
008557
008593
008623
008718
008861
008938
009202
009226
009254
009268
009294
009295
009332
009387
009432
009477
009479
009588
009613
009655
009684
009761
009921
009979
010113
010120
010136
010154
010192
010209
010242
010259
010292
010351
010406
010508
010548
010607
010637
010743
010784
010790
010805
010864
010875
010919
010948
010967
011024
011095
011241
011274
011287
011323
011369
011396
011450
011551
011664
011696
011735
011755
011879
011885
012045
012120
012121
012158
012238
012252
012266
012316
012343
012372
012381
012457
012476
012653
012765
012846
012898
012969
012988
013027
013096
013119
013170
013227
013391
013567
013597
013612
013613
013649
013692
013801
013896
013964
014006
014058
014060
014061
014066
014233
014244
014278
014310
014366
014415
014560
014574
014590
014609
014637
014687
014726
014785
014827
014860
014895
014916
014995
015102
015184
015212
015229
015372
015375
015464
015471
015542
015595
015661
015707
015755
015810
015852
015883
015885
015906
015928
016012
016084
016161
016204
016230
016362
016384
016388
016417
016488
016576
016583
016599
016614
016701
016727
016735
016787
016878
016947
016963
017114
017121
017143
017165
017179
017189
017227
017237
017248
017346
017413
017419
017489
017532
017557
017562
017615
017709
017716
017791
017795
017841
017883
017903
017936
017948
017969
018013
018076
018095
018112
018164
018180
018410
018510
018558
018575
018845
019072
019178
019206
019244
019375
019445
019567
019577
019618
019677
019732
019804
019916
019918
019921
020044
020092
020099
020111
020131
020172
020190
020240
020297
020332
020383
020384
020423
020454
020718
020757
020812
020948
021018
021062
021094
021102
021153
021202
021280
021361
021366
021401
021510
021532
021586
021620
021676
021732
021835
021890
021919
022022
022054
022103
022120
022140
022153
022282
022288
022378
022401
022451
022523
022551
022581
022593
022596
022607
022700
022725
022750
022796
022858
022865
022965
022967
023027
023065
023076
023142
023193
023399
023405
023478
023522
023576
023612
023652
023666
023695
023726
023922
024083
024110
024129
024191
024237
024242
024301
024309
024409
024488
024512
024721
024791
024820
024836
024842
024872
024876
024899
024901
024905
024925
024932
025002
025009
025015
025019
025055
025094
025104
025207
025324
025365
025369
025408
025420
025478
025511
025524
025626
025655
025659
025679
025758
025764
025789
025804
025825
025838
025898
025955
025981
026026
026141
026222
026262
026432
026501
026562
026676
026697
026716
026745
026757
026764
026786
026855
026867
026906
026966
027115
027127
027337
027338
027340
027373
027394
027415
027452
027477
027758
027873
027905
027921
028053
028064
028085
028095
028115
028147
028238
028287
028309
028310
028342
028401
028462
028470
028497
028547
028548
028593
028613
028622
028723
028773
028793
028838
028849
028850
028857
028905
028909
029067
029095
029101
029106
029183
029218
029230
029237
029244
029266
029391
029450
029473
029485
029512
029548
029561
029732
029752
029753
029805
029809
029825
029862
029886
029918
029938
029957
029974
030013
030170
030213
030220
030310
030378
030494
030503
030536
030546
030666
030693
030700
030703
030726
030730
030742
030805
030841
030875
030899
030921
031019
031052
031190
031203
031338
031400
031459
031577
031698
032009
032028
032064
032072
032114
032143
032162
032232
032271
032321
032377
032392
032408
032437
032475
032515
032579
032602
032846
032924
032975
033096
033164
033224
033253
033265
033328
033395
033506
033533
033671
033698
033720
033761
033807
033847
033850
033859
033960
034150
034183
034217
034267
034295
034320
034348
034551
034583
034607
034621
034629
034643
034675
034693
034779
034784
034888
034956
034982
035005
035039
035063
035099
035136
035207
035319
035367
035439
035440
035444
035453
035481
035537
035593
035762
035804
035884
035961
036063
036239
036274
036394
036400
036402
036478
036623
036738
036773
036875
036944
037001
037006
037134
037238
037397
037410
037436
037511
037516
037575
037593
037681
037703
037850
037928
037937
038001
038075
038128
038170
038224
038304
038328
038343
038440
038559
038561
038710
038777
038839
038912
038925
038960
038986
039061
039087
039106
039109
039390
039394
039426
039433
039459
039524
039606
039620
039689
039908
039921
039971
040081
040114
040167
040169
040268
040274
040283
040311
040346
040413
040470
040473
040564
040583
040646
040716
040750
040813
040949
040983
041000
041005
041112
041137
041141
041205
041375
041388
041445
041504
041569
041602
041665
041712
041820
041983
042019
042036
042048
042057
042279
042285
042287
042290
042323
042398
042400
042490
042546
042643
042665
042776
042782
042873
042898
042949
042955
043004
043054
043091
043096
043112
043138
043232
043241
043244
043287
043303
043445
043472
043562
043606
043669
043735
043737
043816
043859
043900
043919
043968
044055
044062
044104
044186
044329
044434
044449
044511
044518
044542
044577
044582
044587
044603
044626
044671
044684
044691
044779
044797
044902
044992
045019
045108
045152
045199
045226
045302
045320
045419
045435
045441
045473
045543
045604
045746
045797
045811
045844
045862
045898
045963
046001
046025
046044
046057
046073
046093
046184
046247
046252
046403
046452
046472
046699
046733
046760
046809
046864
046904
046971
047005
047179
047201
047317
047359
047377
047438
047504
047537
047541
047577
047590
047667
047681
047694
047778
047781
047846
047928
047945
048013
048016
048188
048260
048358
048377
048433
048499
048536
048555
048771
048773
048788
048810
048835
049030
049051
049108
049163
049259
049294
049355
049395
049556
049644
049724
049810
049822
049891
049912
049915
049924
049927
049947
049961
049965
049991
050014
050016
050017
050115
050237
050304
050309
050458
050499
050501
050523
050699
050702
050738
050794
050910
050970
051124
051132
051191
051211
051223
051273
051295
051362
051467
051478
051503
051514
051525
051702
051768
051815
051829
051880
052093
052149
052173
052180
052211
052254
052320
052325
052398
052410
052490
052497
052637
052640
052648
052696
052728
052730
052758
052805
052839
052847
052895
052899
052956
053090
053099
053239
053319
053360
053379
053393
053402
053461
053480
053500
053532
053553
053611
053674
053780
053948
053950
053958
054091
054095
054115
054141
054201
054236
054263
054369
054472
054530
054576
054644
054648
054651
054679
054686
054719
054744
054758
054896
054926
054946
055013
055137
055200
055217
055223
055304
055332
055336
055377
055384
055391
055392
055415
055419
055435
055470
055504
055612
055624
055632
055635
055854
055886
055892
056032
056154
056183
056224
056230
056314
056317
056485
056635
056715
056720
056735
056743
056769
056810
056857
056950
057000
057047
057087
057163
057196
057223
057280
057320
057380
057488
057614
057621
057699
057731
057811
057995
057997
058010
058011
058103
058175
058236
058302
058360
058391
058416
058513
058515
058520
058550
058567
058597
058645
058662
058771
058776
058799
058859
058941
058972
059130
059201
059207
059269
059284
059392
059396
059465
059533
059536
059549
059579
059709
059727
059775
059823
059884
059948
059993
060058
060063
060147
060181
060210
060250
060312
060383
060412
060479
060568
060664
060741
060751
060861
060964
060981
060982
061012
061060
061063
061118
061373
061404
061448
061480
061551
061604
061664
061701
061738
061838
061916
062049
062065
062068
062118
062121
062141
062143
062188
062228
062351
062461
062482
062596
062633
062653
062800
062802
062880
062968
063028
063034
063125
063171
063180
063311
063348
063379
063429
063580
063626
063650
063759
063780
063794
063881
063897
063940
064204
064206
064241
064276
064366
064408
064442
064468
064498
064544
064577
064581
064605
064616
064685
064688
064689
064818
064913
065040
065059
065136
065210
065235
065292
065336
065358
065380
065400
065406


000020
000110
000155
000224
000225
000261
000281
000289
000352
000384
000407
000485
000574
000628
000647
000659
000662
000750
000751
000763
000877
000878
000892
000965
001019
001087
001097
001214
001242
001258
001275
001378
001399
001470
001641
001658
001704
001736
001816
001912
001918
001954
001970
002016
002022
002156
002163
002241
002298
002355
002419
002551
002559
002603
002628
002692
002723
002796
002807
002850
002896
002926
002956
003019
003035
003042
003049
003068
003096
003126
003133
003135
003165
003168
003225
003274
003330
003573
003623
003645
003672
003775
003803
003836
003847
003932
003971
004029
004056
004071
004117
004177
004248
004301
004367
004417
004438
004538
004564
004656
004694
004726
004737
004747
004763
004793
004804
004846
004849
004875
004886
004920
004922
005117
005123
005129
005153
005176
005213
005217
005221
005300
005440
005499
005502
005527
005536
005619
005701
005716
005721
005752
005799
005888
005902
005987
006014
006015
006021
006071
006090
006103
006151
006175
006254
006282
006325
006332
006341
006411
006421
006435
006648
006813
006814
006850
006883
006923
006970
007188
007276
007281
007289
007374
007446
007492
007507
007531
007613
007625
007721
007754
007776
007823
007827
007836
007857
007899
008022
008098
008174
008206
008320
008520
008537
008543
008557
008593
008623
008718
008861
008938
008995
009080
009202
009226
009254
009268
009294
009295
009332
009387
009432
009477
009479
009588
009601
009613
009655
009684
009893
009921
009979
010109
010113
010120
010136
010154
010192
010209
010242
010259
010292
010351
010406
010508
010607
010637
010743
010784
010790
010805
010864
010919
010948
010967
011024
011095
011193
011241
011274
011287
011323
011328
011369
011396
011450
011551
011664
011696
011735
011755
011879
011885
011933
012045
012120
012121
012158
012238
012252
012266
012316
012343
012372
012381
012457
012476
012653
012765
012820
012846
012898
012969
012988
013027
013096
013119
013170
013227
013370
013567
013597
013612
013613
013649
013692
013801
013868
013964
014006
014058
014060
014061
014066
014162
014233
014239
014244
014278
014310
014366
014415
014560
014574
014590
014609
014637
014687
014726
014785
014827
014860
014895
014916
014995
015102
015163
015184
015212
015229
015283
015325
015372
015375
015464
015471
015542
015590
015595
015661
015693
015707
015755
015810
015852
015883
015885
015888
015906
015928
016012
016084
016161
016204
016230
016362
016384
016388
016417
016488
016576
016583
016599
016701
016727
016735
016787
016878
016919
016924
016947
016963
017114
017121
017143
017165
017179
017189
017227
017237
017248
017317
017346
017413
017419
017489
017532
017557
017562
017615
017709
017716
017721
017762
017791
017795
017841
017872
017883
017903
017936
017948
017969
018013
018076
018095
018112
018164
018180
018220
018279
018410
018509
018510
018575
018825
018845
018847
018920
019072
019178
019244
019375
019445
019447
019567
019577
019618
019677
019732
019804
019916
019918
019921
019935
020044
020092
020099
020111
020131
020172
020190
020240
020296
020297
020332
020344
020383
020384
020454
020688
020718
020757
020779
020812
020895
020948
021018
021094
021102
021153
021202
021245
021280
021361
021366
021510
021532
021586
021620
021660
021676
021732
021835
021890
021919
022022
022054
022103
022120
022140
022153
022190
022282
022288
022378
022401
022451
022503
022512
022523
022551
022581
022593
022596
022607
022700
022725
022750
022796
022858
022865
022965
022967
023027
023076
023142
023193
023313
023348
023399
023405
023478
023522
023576
023612
023652
023666
023726
023909
023922
024083
024110
024129
024144
024191
024237
024242
024301
024309
024409
024488
024512
024695
024721
024791
024820
024836
024842
024872
024876
024899
024901
024905
024925
024932
025002
025009
025019
025055
025094
025096
025104
025207
025293
025324
025365
025369
025408
025420
025478
025511
025524
025626
025655
025659
025679
025758
025764
025789
025804
025825
025838
025955
025981
026026
026141
026174
026222
026262
026334
026417
026501
026541
026562
026567
026676
026716
026745
026757
026764
026786
026867
026906
026966
027115
027127
027337
027338
027340
027373
027394
027397
027415
027452
027477
027682
027758
027812
027873
027921
028053
028064
028085
028095
028115
028147
028238
028242
028287
028309
028310
028342
028401
028462
028470
028497
028547
028548
028593
028613
028622
028723
028773
028793
028838
028849
028850
028857
028905
029067
029095
029101
029106
029183
029218
029230
029237
029244
029266
029391
029450
029473
029485
029512
029548
029561
029562
029752
029753
029805
029809
029825
029853
029862
029886
029918
029938
029957
029974
030087
030170
030213
030220
030310
030378
030494
030503
030536
030546
030666
030693
030700
030703
030726
030730
030742
030805
030841
030899
030921
031019
031052
031190
031203
031245
031295
031338
031400
031459
031577
031698
032009
032028
032064
032072
032114
032128
032143
032162
032232
032233
032268
032271
032285
032332
032377
032392
032408
032437
032475
032515
032535
032579
032602
032610
032612
032846
032924
032974
032975
033096
033164
033176
033224
033253
033265
033328
033395
033426
033506
033533
033626
033671
033691
033698
033720
033733
033761
033807
033847
033850
033859
033960
034071
034150
034183
034267
034295
034320
034322
034348
034370
034551
034583
034607
034621
034629
034643
034675
034693
034779
034784
034888
034956
034982
035005
035063
035099
035136
035203
035207
035319
035348
035367
035400
035439
035440
035444
035453
035481
035537
035593
035762
035884
035904
035961
036063
036173
036231
036239
036274
036341
036364
036394
036400
036402
036418
036478
036504
036738
036773
036875
036904
036944
037001
037006
037043
037090
037134
037238
037397
037410
037436
037511
037516
037575
037615
037681
037703
037850
037928
038001
038021
038075
038128
038170
038224
038243
038271
038304
038328
038343
038427
038440
038559
038561
038710
038777
038839
038912
038913
038960
038986
039061
039087
039106
039109
039390
039394
039416
039426
039433
039459
039484
039524
039606
039620
039689
039731
039745
039768
039908
039921
039971
040081
040114
040167
040169
040268
040274
040283
040311
040346
040381
040413
040470
040473
040564
040583
040620
040646
040693
040716
040750
040755
040813
040949
040983
041000
041005
041112
041137
041141
041195
041205
041375
041388
041445
041504
041569
041602
041665
041712
041820
041983
042019
042036
042048
042057
042063
042108
042186
042279
042285
042287
042290
042323
042398
042400
042490
042546
042643
042665
042672
042776
042782
042783
042821
042826
042843
042873
042898
042946
042949
042955
043004
043054
043091
043096
043112
043138
043187
043232
043241
043244
043287
043303
043397
043445
043472
043562
043606
043669
043735
043737
043816
043859
043900
043919
043968
044055
044062
044104
044186
044259
044329
044353
044434
044449
044461
044511
044518
044542
044577
044582
044587
044603
044626
044671
044684
044691
044694
044779
044797
044902
044992
045019
045108
045152
045199
045220
045226
045302
045320
045419
045435
045441
045473
045543
045604
045617
045797
045811
045862
045898
045959
045963
045968
046001
046025
046044
046057
046073
046093
046184
046206
046247
046252
046387
046403
046472
046699
046733
046760
046809
046864
046904
046971
047005
047179
047201
047317
047359
047369
047377
047438
047504
047536
047537
047541
047577
047590
047667
047681
047694
047778
047781
047846
047928
047945
048013
048016
048156
048159
048188
048260
048294
048358
048377
048433
048499
048519
048536
048542
048555
048580
048713
048771
048773
048788
048810
048835
049019
049030
049051
049108
049163
049259
049294
049311
049355
049395
049644
049724
049778
049810
049822
049889
049891
049912
049915
049924
049927
049947
049961
049965
049991
050014
050016
050017
050199
050237
050238
050304
050309
050322
050458
050499
050501
050523
050659
050699
050738
050780
050794
050910
050970
051124
051132
051191
051211
051223
051273
051295
051362
051435
051467
051478
051503
051510
051514
051525
051702
051768
051815
051829
051841
051880
052093
052149
052173
052211
052254
052320
052325
052398
052410
052490
052497
052640
052648
052696
052728
052730
052758
052805
052839
052847
052895
052899
052956
053090
053099
053239
053319
053360
053379
053393
053402
053461
053480
053500
053532
053553
053611
053674
053780
053948
053950
053958
054091
054095
054115
054119
054141
054201
054236
054263
054369
054421
054472
054530
054576
054644
054648
054651
054679
054686
054719
054744
054758
054896
054926
054946
055013
055137
055200
055217
055223
055294
055304
055332
055335
055336
055377
055384
055391
055392
055415
055419
055435
055470
055600
055612
055624
055632
055635
055797
055854
055886
055892
055921
055957
056032
056154
056183
056187
056199
056224
056314
056317
056485
056560
056635
056642
056715
056720
056729
056735
056743
056769
056810
056857
056950
057000
057047
057087
057196
057212
057223
057280
057320
057380
057488
057614
057621
057692
057699
057731
057811
057995
057997
058010
058011
058103
058147
058175
058177
058236
058302
058360
058391
058415
058416
058513
058515
058520
058550
058567
058597
058645
058662
058771
058776
058799
058847
058859
058941
058972
059130
059201
059207
059269
059284
059320
059392
059396
059521
059533
059536
059549
059579
059709
059727
059775
059823
059844
059884
059948
059993
060058
060063
060147
060181
060191
060210
060250
060312
060382
060383
060412
060479
060483
060568
060637
060664
060741
060751
060861
060877
060964
060981
061012
061060
061063
061118
061373
061375
061448
061480
061551
061604
061664
061701
061738
061838
061916
062049
062065
062068
062118
062121
062141
062143
062188
062351
062461
062482
062596
062633
062653
062800
062802
062880
062968
063028
063034
063125
063171
063180
063311
063348
063379
063387
063429
063550
063580
063626
063630
063759
063780
063794
063881
063897
063940
064135
064204
064206
064241
064276
064366
064391
064408
064442
064468
064498
064544
064577
064581
064605
064616
064685
064688
064689
064749
064792
064818
064913
064928
065040
065059
065136
065210
065235
065336
065358
065380
065400
065406


000020
000069
000110
000236
000246
000257
000261
000281
000289
000352
000407
000472
000574
000647
000750
000751
000877
000892
000965
001087
001242
001275
001393
001399
001736
001816
001912
001954
001970
002132
002156
002163
002241
002284
002419
002551
002559
002603
002628
002661
002692
002723
002796
002896
002926
002975
002997
003019
003035
003096
003165
003168
003330
003525
003645
003672
003847
003971
004071
004177
004198
004248
004301
004367
004417
004656
004694
004726
004747
004793
004846
004849
004875
004886
004922
005123
005129
005176
005213
005217
005221
005440
005499
005527
005536
005701
005888
006014
006015
006071
006085
006103
006175
006254
006325
006332
006398
006411
006421
006435
006813
006814
006850
006883
006961
006970
006981
007109
007188
007211
007374
007446
007492
007613
007754
007827
007836
007857
007899
008098
008174
008206
008320
008543
008593
008718
008861
009163
009271
009294
009332
009432
009479
009511
009581
009588
009684
009911
009979
010113
010154
010192
010209
010259
010292
010351
010356
010406
010508
010607
010637
010743
010784
010790
010864
010948
010954
011024
011095
011193
011323
011328
011396
011450
011664
011779
011861
011885
011933
012158
012238
012343
012457
012476
012653
012746
012765
012969
013096
013119
013170
013597
013613
013614
013649
013692
013868
013964
014006
014058
014060
014066
014162
014244
014310
014366
014574
014590
014609
014637
014647
014687
014726
014785
014860
014972
014995
015102
015184
015229
015283
015325
015375
015380
015464
015542
015551
015595
015661
015707
015755
015852
015883
015885
015928
016012
016161
016204
016230
016362
016388
016417
016583
016599
016701
016735
016787
016878
016916
016963
017114
017121
017165
017189
017227
017237
017271
017317
017346
017413
017562
017615
017709
017721
017795
017841
017913
017936
017948
017969
018013
018076
018164
018180
018191
018219
018410
018510
018845
019072
019178
019206
019445
019567
019577
019618
019677
019732
019916
019918
020044
020099
020111
020131
020240
020297
020332
020344
020384
020423
020718
020757
020812
020895
020948
021018
021094
021102
021153
021280
021366
021510
021586
021620
021676
021732
021890
021919
021922
022052
022054
022103
022120
022140
022190
022282
022288
022401
022451
022503
022523
022537
022551
022700
022796
022858
022865
022965
023027
023048
023065
023076
023142
023478
023538
023612
023666
023726
023909
024083
024110
024129
024237
024242
024309
024488
024512
024791
024820
024836
024905
024925
024932
025045
025055
025096
025104
025324
025365
025408
025478
025535
025590
025606
025655
025659
025679
025804
025981
026222
026262
026303
026567
026676
026745
026764
026786
026801
026966
027115
027127
027337
027338
027340
027373
027394
027415
027547
027682
027758
028028
028064
028095
028147
028238
028242
028310
028342
028401
028470
028497
028548
028593
028613
028622
028723
028793
028849
028850
028857
028905
028916
029067
029106
029137
029183
029218
029230
029244
029450
029473
029474
029485
029512
029561
029562
029805
029809
029825
029886
029918
029938
029957
029974
030170
030220
030310
030503
030536
030666
030698
030700
030703
030726
030805
031019
031190
031203
031577
031689
031698
031943
032004
032009
032028
032064
032128
032162
032268
032271
032285
032377
032392
032437
032515
032579
032846
032924
033096
033164
033176
033265
033328
033426
033506
033691
033698
033720
033761
033847
033859
034267
034295
034320
034348
034370
034551
034607
034621
034693
034779
035005
035039
035063
035136
035207
035439
035440
035453
035481
035537
035655
035762
035804
035884
035904
036173
036189
036239
036283
036364
036394
036402
036478
036504
036574
036593
036773
036875
037134
037238
037410
037516
037575
037593
037703
037850
037928
038075
038128
038170
038304
038328
038343
038440
038559
038562
038710
038777
038906
038912
038913
038960
039061
039087
039106
039109
039426
039433
039459
039606
039620
039861
039908
040114
040167
040274
040311
040413
040470
040473
040564
040620
040716
040750
040813
040948
040983
041000
041005
041112
041137
041195
041375
041388
041445
041504
041602
041665
041712
042048
042057
042279
042285
042287
042323
042398
042400
042546
042595
042665
042776
042821
042826
042873
042949
042955
043054
043091
043112
043232
043244
043397
043472
043562
043606
043735
043737
043900
043919
044104
044186
044353
044449
044511
044518
044523
044542
044577
044587
044622
044626
044691
044779
044854
044902
044992
045019
045066
045108
045152
045199
045226
045266
045320
045403
045441
045491
045516
045604
045634
045797
045811
045844
045862
046001
046025
046055
046057
046073
046247
046252
046254
046403
046472
046733
046760
046809
046864
046904
046943
046964
046971
046975
047005
047201
047359
047377
047380
047537
047541
047577
047667
047671
047691
047694
048009
048016
048260
048377
048433
048555
048580
048748
048835
049163
049259
049294
049332
049395
049724
049778
049810
049912
049915
049924
049927
049947
049965
050016
050237
050304
050309
050499
050501
050573
050699
050794
050910
050970
051191
051195
051273
051295
051362
051478
051525
051702
051768
051815
051880
052093
052149
052173
052180
052211
052254
052320
052398
052410
052490
052497
052640
052648
052696
052728
052737
052758
052839
052847
053090
053099
053287
053319
053379
053393
053461
053480
053500
053532
053553
053611
053668
053674
053948
053958
054084
054119
054141
054201
054236
054263
054421
054530
054576
054644
054648
054655
054679
054686
054719
054758
054926
054946
055013
055137
055220
055223
055304
055332
055377
055391
055415
055419
055472
055544
055635
055778
055854
055892
056032
056183
056224
056314
056317
056540
056642
056715
056720
056735
056810
056857
056889
057196
057320
057488
057516
057692
057699
057731
057811
057922
057967
057995
057997
058010
058177
058360
058391
058416
058513
058550
058597
058645
058662
058776
058799
058812
058941
059130
059201
059207
059269
059284
059392
059396
059442
059521
059535
059536
059579
059709
059775
059884
059948
060132
060147
060191
060250
060312
060382
060383
060410
060479
060568
060637
060861
060964
061012
061118
061448
061480
061604
061701
061738
061916
062049
062065
062118
062121
062141
062143
062268
062351
062461
062482
062564
062596
062653
062800
062880
063028
063034
063171
063180
063429
063535
063550
063580
063759
063780
063794
064204
064241
064276
064366
064408
064468
064498
064544
064577
064581
064685
064689
064712
065040
065059
065210
065336
065358
065380
065400
065406


000020
000130
000236
000261
000281
000352
000571
000574
000647
000750
000751
000779
000965
001082
001242
001275
001324
001399
001970
002132
002156
002559
002692
002723
002745
002796
002835
002896
002926
002971
002997
003019
003035
003126
003165
003168
003277
003330
003453
003476
003552
003645
003646
003672
003756
003847
003971
004177
004248
004258
004367
004378
004417
004520
004564
004726
004786
004849
004875
004886
005176
005213
005217
005347
005499
005506
005527
005536
005794
005955
006014
006041
006071
006103
006175
006254
006325
006332
006411
006421
006435
006610
006813
006814
006851
007051
007109
007211
007289
007374
007446
007492
007546
007613
007754
007802
007827
007857
008098
008174
008206
008320
008389
008585
008718
008861
009163
009232
009278
009311
009315
009479
009581
009588
009761
009772
009798
009827
009845
009979
010020
010113
010154
010180
010188
010192
010209
010217
010259
010284
010292
010406
010508
010511
010548
010607
010743
010784
010790
010809
010864
010909
010948
011024
011058
011323
011328
011350
011450
011459
011885
012197
012476
012591
012765
012820
012969
013080
013096
013143
013225
013597
013613
013692
013795
013964
014060
014066
014162
014233
014244
014252
014292
014310
014366
014574
014590
014609
014637
014647
014687
014768
014785
014860
015102
015184
015222
015229
015375
015542
015590
015595
015618
015661
015707
015755
015776
015852
015883
015885
015888
016012
016101
016161
016185
016204
016230
016388
016417
016428
016576
016701
016713
016963
017114
017121
017165
017346
017413
017428
017562
017615
017709
017795
017841
017936
018008
018013
018076
018141
018164
018180
018410
018509
018510
018565
018874
018992
019025
019072
019178
019206
019385
019445
019487
019567
019577
019584
019677
019783
019820
019832
019861
019916
019918
020044
020077
020099
020111
020131
020161
020190
020240
020296
020297
020332
020415
020812
020920
020948
021018
021094
021102
021153
021280
021299
021366
021510
021540
021586
021620
021676
021732
021890
022054
022103
022120
022140
022153
022256
022282
022451
022484
022523
022551
022561
022700
022725
022828
022858
022865
022965
023027
023142
023193
023286
023478
023568
023612
023666
023669
023695
023728
023829
023996
024110
024162
024189
024237
024315
024488
024708
024820
024836
024844
024905
024925
024932
024985
025025
025045
025055
025104
025324
025392
025408
025478
025548
025557
025560
025593
025679
025758
025804
025815
026174
026222
026262
026315
026432
026452
026676
026691
026697
026745
026786
026801
026881
026906
027006
027115
027175
027338
027340
027394
027397
027415
027435
027442
027758
027825
027904
028116
028121
028238
028331
028342
028401
028548
028593
028622
028654
028723
028773
028857
029046
029067
029212
029230
029244
029377
029450
029473
029485
029512
029561
029601
029625
029626
029732
029809
029918
029938
029957
029974
029996
030154
030170
030309
030310
030416
030419
030503
030509
030666
030702
030719
030726
030805
030979
031019
031190
031203
031680
031698
031943
032009
032028
032162
032271
032285
032315
032373
032377
032392
032408
032437
032515
032924
032974
033106
033187
033506
033522
033720
033761
033859
034267
034295
034320
034366
034370
034532
034551
034607
034621
034693
034731
034779
034955
035005
035039
035063
035136
035176
035207
035439
035453
035464
035481
035537
035762
036173
036239
036394
036478
036504
036544
036593
036623
036773
036890
037038
037095
037134
037427
037544
037703
037850
037928
038128
038129
038170
038267
038294
038343
038444
038514
038559
038577
038912
038925
038960
039061
039087
039102
039106
039109
039218
039426
039433
039579
039620
039768
039920
039921
040168
040274
040311
040320
040338
040414
040473
040564
040750
040793
040813
040886
040983
041005
041100
041112
041137
041205
041375
041388
041434
041445
041603
041665
041712
041825
041876
041901
041977
042048
042057
042108
042159
042279
042398
042546
042595
042672
042737
042776
043054
043112
043186
043232
043244
043472
043562
043606
043669
043735
043737
043816
043873
043874
043900
043919
043968
044215
044408
044445
044449
044461
044511
044518
044523
044542
044577
044587
044626
044691
044758
044797
044854
044902
044992
045019
045066
045146
045152
045199
045226
045320
045491
045604
045650
045651
045658
045746
045797
045799
045844
045862
045885
045893
046001
046025
046073
046134
046247
046254
046452
046472
046760
046971
047005
047201
047359
047377
047404
047541
047783
047854
047971
048016
048156
048260
048295
048377
048433
048449
048555
048713
048725
049163
049246
049259
049294
049676
049724
049810
049862
049913
049915
049927
049947
049965
050016
050230
050237
050304
050499
050501
050599
050780
050787
050794
050830
050849
051171
051327
051362
051375
051478
051525
051702
051795
051815
051880
051951
052093
052149
052173
052254
052398
052410
052497
052637
052640
052648
052696
052728
052753
052758
052839
052847
053054
053090
053210
053319
053379
053382
053480
053500
053553
053780
053958
054119
054201
054236
054263
054360
054424
054530
054537
054644
054686
054689
054719
054758
054926
054946
055013
055053
055223
055304
055332
055377
055415
055419
055420
055442
055504
055537
055544
055592
055598
055854
055946
055997
056032
056224
056314
056715
056720
056735
056810
056857
056859
056917
057030
057192
057196
057320
057466
057731
057811
057874
057995
057997
058147
058163
058283
058359
058391
058416
058513
058520
058550
058597
058662
058799
059035
059269
059280
059284
059465
059536
059579
059625
059709
059775
059885
059948
060000
060068
060191
060250
060312
060357
060383
060479
060552
060764
060861
060964
060982
061118
061375
061404
061480
061604
061614
061701
061916
062049
062065
062118
062141
062143
062204
062225
062354
062559
062585
062596
062800
062880
062942
063034
063171
063180
063314
063411
063455
063580
063715
063886
064276
064468
064544
064577
064689
064756
064758
064939
064967
065040
065210
065380
065394
065400
065419


000020
000130
000236
000261
000281
000352
000574
000647
000750
000751
000757
000965
001082
001242
001275
001399
001970
002004
002124
002132
002156
002559
002692
002723
002796
002896
002926
002997
003019
003027
003035
003165
003168
003330
003476
003645
003672
003756
003847
003971
004028
004177
004248
004367
004417
004726
004849
004875
004886
005176
005213
005217
005499
005506
005527
005536
005794
005955
006014
006041
006071
006103
006175
006254
006325
006332
006411
006421
006813
006814
007109
007211
007374
007446
007492
007754
007802
007827
007857
008098
008174
008206
008320
008718
008861
009163
009315
009479
009581
009588
009761
009772
009827
009979
010113
010154
010188
010192
010209
010217
010259
010284
010292
010307
010406
010508
010548
010607
010743
010784
010790
010864
010948
011024
011323
011450
011502
011664
011885
012197
012476
012765
012969
013096
013225
013229
013597
013613
013692
013791
013964
014060
014066
014244
014252
014292
014310
014366
014574
014590
014609
014637
014647
014687
014785
014860
015102
015184
015222
015229
015375
015542
015595
015618
015661
015707
015755
015852
015883
015885
016012
016101
016161
016185
016204
016230
016388
016417
016701
016963
017114
017121
017165
017227
017346
017562
017615
017709
017795
017841
017936
018013
018076
018141
018164
018180
018410
018510
018992
019025
019072
019178
019445
019487
019567
019577
019677
019783
019832
019916
019918
020044
020099
020111
020131
020161
020190
020240
020297
020324
020332
020812
020948
021018
021094
021102
021153
021280
021296
021299
021366
021510
021586
021620
021676
021732
021890
022054
022103
022120
022140
022153
022282
022451
022484
022523
022551
022700
022858
022865
022965
023027
023142
023478
023568
023612
023666
023695
023996
024110
024237
024488
024708
024820
024836
024844
024905
024925
024931
024932
025055
025104
025324
025408
025478
025548
025557
025679
025804
026222
026262
026432
026676
026691
026697
026745
026786
026801
026865
026881
027115
027338
027340
027394
027415
027442
027758
027825
028116
028121
028342
028401
028548
028593
028622
028723
028857
029067
029230
029244
029450
029473
029485
029512
029561
029601
029626
029732
029809
029918
029938
029957
029974
029996
030154
030170
030309
030310
030503
030509
030719
030726
030805
031019
031190
031203
031943
032004
032009
032028
032162
032271
032277
032285
032373
032377
032392
032515
032924
033506
033720
033761
033859
034267
034295
034320
034366
034551
034607
034621
034693
034779
035005
035039
035063
035136
035207
035439
035453
035481
035537
035762
036239
036348
036394
036478
036504
036544
036593
036623
036773
037134
037544
037703
037850
037928
038128
038170
038343
038444
038559
038925
038960
039061
039087
039102
039106
039109
039426
039433
039579
039620
040274
040311
040338
040414
040473
040564
040750
040793
040813
040983
041005
041112
041137
041375
041388
041434
041445
041665
041712
041876
042048
042057
042159
042279
042398
042546
042595
042776
043054
043112
043232
043244
043472
043562
043606
043669
043735
043737
043816
043873
043900
043919
044449
044511
044518
044523
044542
044577
044587
044626
044691
044758
044854
044902
044992
045019
045066
045152
045199
045226
045320
045491
045604
045658
045746
045797
045799
045844
045862
046001
046025
046073
046247
046254
046452
046472
046760
046971
047005
047201
047359
047377
047541
047971
048016
048260
048295
048377
048433
048555
049163
049259
049294
049724
049810
049913
049915
049927
049947
049965
050016
050230
050237
050304
050499
050501
050578
050794
050830
050849
051362
051478
051525
051702
051815
051880
051951
052093
052149
052173
052254
052398
052410
052497
052637
052640
052648
052696
052728
052753
052758
052839
052847
053090
053379
053480
053500
053553
053780
053958
054201
054236
054263
054360
054530
054644
054686
054689
054719
054758
054926
054946
055013
055053
055223
055304
055332
055377
055415
055419
055420
055472
055504
055537
055544
055854
056032
056224
056314
056715
056720
056735
056810
056857
056889
056917
057196
057320
057731
057811
057995
057997
058391
058416
058513
058550
058597
058662
058791
058799
059035
059269
059284
059465
059536
059579
059709
059775
059948
060000
060068
060250
060312
060383
060479
060552
060861
060964
060982
061118
061480
061604
061614
061701
061916
062049
062065
062118
062141
062143
062175
062354
062596
062800
062880
063034
063171
063180
063411
063455
063580
063715
064276
064468
064544
064577
064689
064756
064939
064967
065040
065210
065380
065400
