# unix_time, cycles_done, cur_path, paths_total, pending_total, pending_favs, map_size, unique_crashes, unique_hangs, max_depth, execs_per_sec
1522366059, 0, 0, 1, 1, 1, 3.88%, 0, 0, 1, 275.86
1522366064, 0, 0, 187, 187, 1, 5.27%, 0, 0, 2, 928.41
1522366069, 0, 0, 322, 322, 1, 5.97%, 0, 0, 2, 736.99
1522366074, 0, 0, 423, 423, 1, 6.20%, 0, 0, 2, 796.36
1522366080, 0, 0, 508, 508, 1, 6.36%, 0, 0, 2, 818.37
1522366085, 0, 0, 647, 646, 0, 6.81%, 0, 0, 2, 440.36
1522366090, 0, 0, 800, 799, 0, 7.16%, 0, 0, 2, 333.87
1522366095, 0, 0, 928, 927, 0, 7.29%, 0, 0, 2, 275.03
1522366100, 0, 0, 1070, 1069, 0, 7.36%, 0, 0, 2, 296.96
1522366105, 0, 0, 1162, 1161, 0, 7.41%, 0, 0, 2, 286.19
1522366110, 0, 15, 1202, 1200, 302, 7.41%, 0, 0, 3, 827.07
1522366116, 0, 45, 1216, 1210, 301, 7.42%, 0, 0, 3, 945.27
1522366121, 0, 49, 1294, 1288, 302, 7.55%, 0, 0, 3, 742.94
1522366126, 0, 120, 1308, 1299, 300, 7.66%, 0, 0, 3, 1033.00
1522366131, 0, 123, 1344, 1333, 299, 7.71%, 0, 0, 3, 179.84
1522366136, 0, 152, 1374, 1360, 301, 7.72%, 0, 0, 3, 1495.55
1522366141, 0, 155, 1393, 1378, 300, 7.72%, 0, 0, 3, 802.59
1522366146, 0, 155, 1434, 1418, 299, 7.76%, 0, 0, 3, 585.60
1522366151, 0, 167, 1458, 1441, 311, 7.81%, 0, 0, 3, 1058.32
1522366156, 0, 213, 1465, 1444, 309, 7.81%, 0, 0, 3, 1194.52
1522366161, 0, 227, 1485, 1462, 311, 7.85%, 0, 0, 3, 1631.98
1522366167, 0, 231, 1496, 1470, 309, 7.88%, 0, 0, 3, 241.74
1522366172, 0, 258, 1498, 1469, 310, 7.89%, 0, 0, 3, 1552.19
1522366177, 0, 267, 1503, 1472, 308, 7.89%, 0, 0, 3, 1268.06
1522366182, 0, 296, 1510, 1477, 307, 7.89%, 0, 0, 3, 1410.51
1522366192, 0, 296, 1511, 1478, 307, 7.90%, 0, 0, 3, 3.04
1522366199, 0, 296, 1512, 1479, 307, 7.90%, 0, 0, 3, 3.13
1522366216, 0, 296, 1513, 1480, 307, 7.90%, 0, 0, 3, 1.47
1522366222, 0, 306, 1522, 1487, 308, 7.90%, 0, 0, 3, 9.35
1522366228, 0, 306, 1562, 1526, 307, 7.95%, 0, 0, 3, 6.53
1522366233, 0, 316, 1571, 1535, 312, 7.95%, 0, 0, 3, 1646.77
1522366238, 0, 325, 1571, 1532, 309, 7.95%, 0, 0, 3, 1170.00
1522366244, 0, 328, 1574, 1534, 308, 7.95%, 0, 0, 3, 5.08
1522366250, 0, 339, 1664, 1623, 330, 8.02%, 0, 0, 3, 1.20
1522366255, 0, 363, 1675, 1632, 330, 8.04%, 0, 0, 3, 1303.53
1522366260, 0, 377, 1679, 1634, 327, 8.05%, 0, 0, 3, 1665.00
1522366282, 0, 396, 1748, 1701, 336, 8.11%, 0, 0, 3, 0.39
1522366322, 0, 398, 1756, 1708, 335, 8.11%, 0, 0, 3, 0.06
1522366330, 0, 409, 1762, 1712, 334, 8.13%, 0, 0, 3, 3.41
1522366335, 0, 409, 1889, 1838, 333, 8.38%, 0, 0, 3, 258.60
1522366340, 0, 409, 1943, 1892, 333, 8.45%, 0, 0, 3, 245.61
1522366345, 0, 424, 1943, 1892, 360, 8.45%, 0, 0, 3, 924.47
1522366358, 0, 428, 1945, 1893, 359, 8.45%, 0, 0, 3, 0.00
1522366365, 0, 429, 1966, 1913, 357, 8.45%, 0, 0, 3, 1.88
1522366370, 0, 436, 2014, 1958, 354, 8.47%, 0, 0, 3, 175.17
1522366376, 0, 446, 2058, 2001, 364, 8.48%, 0, 0, 3, 7.18
1522366385, 0, 446, 2061, 2004, 364, 8.48%, 0, 0, 3, 4.92
1522366395, 0, 451, 2063, 2004, 366, 8.48%, 0, 0, 3, 0.17
1522366400, 0, 451, 2081, 2022, 366, 8.48%, 0, 0, 3, 351.39
1522366405, 0, 452, 2107, 2046, 367, 8.50%, 0, 0, 3, 264.71
1522366411, 0, 464, 2111, 2050, 372, 8.50%, 0, 0, 3, 2.40
1522366422, 0, 475, 2115, 2052, 370, 8.50%, 0, 0, 3, 1.58
1522366427, 0, 502, 2120, 2054, 367, 8.50%, 0, 0, 3, 1198.35
1522366435, 0, 514, 2134, 2068, 367, 8.64%, 0, 0, 3, 4.87
1522366440, 0, 515, 2135, 2068, 366, 8.64%, 0, 0, 3, 990.00
1522366448, 0, 524, 2135, 2066, 364, 8.64%, 0, 0, 3, 4.49
1522366453, 0, 526, 2151, 2080, 361, 8.64%, 0, 0, 3, 881.00
1522366458, 0, 533, 2153, 2079, 358, 8.64%, 0, 0, 3, 1106.64
1522366463, 0, 539, 2168, 2091, 357, 8.68%, 0, 0, 3, 1196.92
1522366468, 0, 545, 2171, 2091, 355, 8.68%, 0, 0, 3, 1264.54
1522366473, 0, 551, 2182, 2100, 353, 8.68%, 0, 0, 3, 1022.63
1522366483, 0, 555, 2184, 2100, 351, 8.68%, 0, 0, 3, 0.88
1522366501, 0, 563, 2194, 2108, 349, 8.70%, 0, 0, 3, 0.21
1522366511, 0, 564, 2239, 2153, 362, 8.81%, 0, 0, 3, 5.07
1522366522, 0, 578, 2241, 2152, 358, 8.81%, 0, 0, 3, 3.43
1522366535, 0, 586, 2268, 2177, 356, 8.82%, 0, 0, 3, 0.36
1522366541, 0, 588, 2286, 2194, 361, 8.83%, 0, 0, 3, 15.30
1522366547, 0, 593, 2292, 2198, 359, 8.83%, 0, 0, 3, 1.03
1522366552, 0, 597, 2313, 2217, 361, 8.85%, 0, 0, 3, 35.39
1522366559, 0, 601, 2322, 2225, 360, 8.85%, 0, 0, 3, 0.75
1522366565, 0, 605, 2328, 2230, 359, 8.85%, 0, 0, 3, 18.15
1522366571, 0, 610, 2334, 2233, 356, 8.85%, 0, 0, 3, 1.53
1522366576, 0, 633, 2360, 2258, 358, 8.86%, 0, 0, 3, 755.00
1522366583, 0, 650, 2361, 2257, 356, 8.86%, 0, 0, 3, 0.36
1522366588, 0, 660, 2372, 2265, 354, 8.86%, 0, 0, 3, 1359.51
1522366595, 0, 666, 2377, 2269, 353, 8.86%, 0, 0, 3, 8.23
1522366600, 0, 666, 2378, 2270, 353, 8.86%, 0, 0, 3, 7.07
1522366609, 0, 666, 2379, 2271, 353, 8.87%, 0, 0, 3, 3.61
1522366614, 0, 682, 2399, 2288, 351, 8.89%, 0, 0, 3, 150.41
1522366619, 0, 689, 2416, 2304, 354, 8.90%, 0, 0, 3, 1502.79
1522366624, 0, 695, 2416, 2303, 353, 8.90%, 0, 0, 3, 1563.59
1522366631, 0, 695, 2417, 2304, 353, 8.90%, 0, 0, 3, 0.46
1522366638, 0, 709, 2418, 2303, 351, 8.90%, 0, 0, 3, 6.88
1522366643, 0, 714, 2438, 2321, 351, 8.95%, 0, 0, 3, 1502.01
1522366648, 0, 725, 2450, 2329, 349, 8.98%, 0, 0, 3, 1453.35
1522366662, 0, 756, 2451, 2327, 346, 8.98%, 0, 0, 3, 1366.74
1522366667, 0, 777, 2458, 2330, 343, 8.98%, 0, 0, 3, 1651.74
1522366674, 0, 782, 2458, 2329, 342, 8.98%, 0, 0, 3, 0.58
1522366681, 0, 785, 2458, 2328, 341, 8.98%, 0, 0, 3, 1.21
1522366686, 0, 796, 2468, 2335, 341, 9.00%, 0, 0, 3, 1430.98
1522366691, 0, 811, 2474, 2337, 338, 9.00%, 0, 0, 3, 1087.32
1522366706, 0, 822, 2475, 2336, 336, 9.00%, 0, 0, 3, 3.52
1522366711, 0, 833, 2492, 2351, 335, 9.00%, 0, 0, 3, 127.74
1522366716, 0, 855, 2502, 2359, 333, 9.00%, 0, 0, 3, 1294.36
1522366723, 0, 855, 2503, 2360, 333, 9.00%, 0, 0, 3, 6.84
1522366730, 0, 860, 2504, 2360, 336, 9.00%, 0, 0, 3, 0.70
1522366735, 0, 884, 2513, 2366, 334, 9.01%, 0, 0, 3, 1441.52
1522366740, 0, 896, 2516, 2367, 332, 9.01%, 0, 0, 3, 1310.00
1522366746, 0, 901, 2520, 2369, 330, 9.01%, 0, 0, 3, 0.61
1522366753, 0, 935, 2523, 2371, 330, 9.01%, 0, 0, 3, 0.23
1522366758, 0, 951, 2531, 2375, 329, 9.01%, 0, 0, 3, 109.06
1522366763, 0, 989, 2535, 2376, 327, 9.01%, 0, 0, 3, 1472.28
1522366773, 0, 1011, 2537, 2375, 324, 9.01%, 0, 0, 3, 2.54
1522366782, 0, 1023, 2538, 2374, 322, 9.01%, 0, 0, 3, 0.33
1522366787, 0, 1035, 2545, 2378, 318, 9.01%, 0, 0, 3, 1234.41
1522366792, 0, 1055, 2547, 2377, 315, 9.01%, 0, 0, 3, 191.41
1522366798, 0, 1061, 2572, 2400, 323, 9.10%, 0, 0, 3, 1.79
1522366807, 0, 1061, 2574, 2402, 323, 9.10%, 0, 0, 3, 1.03
1522366812, 0, 1068, 2577, 2402, 319, 9.10%, 0, 0, 3, 1298.67
1522366817, 0, 1085, 2587, 2410, 317, 9.11%, 0, 0, 3, 1579.79
1522366823, 0, 1094, 2588, 2409, 315, 9.11%, 0, 0, 3, 7.93
1522366837, 0, 1106, 2601, 2419, 312, 9.12%, 0, 0, 3, 1266.21
1522366842, 0, 1151, 2601, 2417, 311, 9.12%, 0, 0, 3, 1065.00
1522366849, 0, 1157, 2606, 2420, 309, 9.13%, 0, 0, 3, 0.00
1522366856, 0, 1174, 2610, 2422, 308, 9.13%, 0, 0, 3, 9.67
1522366862, 0, 1184, 2611, 2421, 306, 9.13%, 0, 0, 3, 12.07
1522366867, 0, 1234, 2618, 2425, 309, 9.13%, 0, 0, 3, 1320.03
1522366872, 0, 1258, 2625, 2429, 310, 9.17%, 0, 0, 3, 1530.00
1522366882, 0, 1265, 2625, 2427, 310, 9.17%, 0, 0, 3, 4.22
1522366890, 0, 1272, 2626, 2427, 309, 9.17%, 0, 0, 3, 3.60
1522366895, 0, 1289, 2630, 2428, 306, 9.17%, 0, 0, 3, 1127.47
1522366900, 0, 1332, 2630, 2425, 303, 9.17%, 0, 0, 3, 1249.61
1522366907, 0, 1337, 2635, 2428, 303, 9.18%, 0, 0, 3, 6.26
1522366913, 0, 1399, 2635, 2425, 301, 9.18%, 0, 0, 3, 1.27
1522366918, 0, 1411, 2646, 2434, 301, 9.19%, 0, 0, 4, 1090.64
1522366923, 0, 1421, 2646, 2432, 299, 9.19%, 0, 0, 4, 1156.13
1522366928, 0, 1428, 2652, 2435, 298, 9.19%, 0, 0, 4, 1337.86
1522366933, 0, 1433, 2660, 2439, 294, 9.19%, 0, 0, 4, 1232.35
1522366943, 0, 1450, 2665, 2441, 292, 9.20%, 0, 0, 4, 5.15
1522366950, 0, 1467, 2684, 2458, 293, 9.22%, 0, 0, 4, 11.34
1522366955, 0, 1478, 2684, 2454, 289, 9.22%, 0, 0, 4, 1291.44
1522366960, 0, 1487, 2695, 2463, 289, 9.22%, 0, 0, 4, 1171.79
1522366965, 0, 1492, 2697, 2463, 288, 9.22%, 0, 0, 4, 1610.00
1522366970, 0, 1495, 2709, 2473, 291, 9.25%, 0, 0, 4, 1491.34
1522366975, 0, 1508, 2709, 2469, 287, 9.25%, 0, 0, 4, 1522.70
1522366983, 0, 1509, 2717, 2476, 288, 9.25%, 0, 0, 4, 0.48
1522366989, 0, 1533, 2718, 2475, 288, 9.26%, 0, 0, 4, 3.31
1522366994, 0, 1546, 2727, 2481, 286, 9.26%, 0, 0, 4, 1451.08
1522366999, 0, 1552, 2728, 2479, 283, 9.26%, 0, 0, 4, 950.08
1522367006, 0, 1553, 2733, 2483, 282, 9.26%, 0, 0, 4, 5.81
1522367013, 0, 1577, 2743, 2492, 282, 9.26%, 0, 0, 4, 8.32
1522367018, 0, 1588, 2744, 2490, 279, 9.26%, 0, 0, 4, 1288.90
1522367023, 0, 1600, 2755, 2498, 279, 9.28%, 0, 0, 4, 1510.07
1522367028, 0, 1609, 2756, 2498, 278, 9.28%, 0, 0, 4, 1070.00
1522367034, 0, 1610, 2758, 2499, 277, 9.28%, 0, 0, 4, 2.86
1522367039, 0, 1621, 2784, 2522, 277, 9.29%, 0, 0, 4, 715.79
1522367044, 0, 1628, 2786, 2522, 275, 9.29%, 0, 0, 4, 414.29
1522367051, 0, 1630, 2786, 2521, 275, 9.29%, 0, 0, 4, 0.97
1522367056, 0, 1641, 2791, 2523, 273, 9.29%, 0, 0, 4, 1085.85
1522367061, 0, 1649, 2793, 2523, 271, 9.29%, 0, 0, 4, 67.51
1522367077, 0, 1651, 2812, 2541, 271, 9.29%, 0, 0, 4, 1.11
1522367082, 0, 1671, 2814, 2540, 268, 9.29%, 0, 0, 4, 977.42
1522367087, 0, 1685, 2830, 2553, 267, 9.30%, 0, 0, 4, 959.61
1522367106, 0, 1702, 2830, 2551, 265, 9.30%, 0, 0, 4, 8.16
1522367111, 0, 1716, 2844, 2562, 264, 9.30%, 0, 0, 4, 1323.54
1522367117, 0, 1725, 2846, 2561, 262, 9.30%, 0, 0, 4, 21.98
1522367124, 0, 1729, 2853, 2567, 262, 9.30%, 0, 0, 4, 0.37
1522367130, 0, 1736, 2854, 2567, 261, 9.30%, 0, 0, 4, 0.67
1522367135, 0, 1736, 2862, 2575, 261, 9.30%, 0, 0, 4, 1025.43
1522367141, 0, 1736, 2867, 2580, 261, 9.30%, 0, 0, 4, 11.90
1522367146, 0, 1744, 2868, 2580, 263, 9.30%, 0, 0, 4, 471.82
1522367160, 0, 1745, 2873, 2584, 262, 9.31%, 0, 0, 4, 500.16
1522367168, 0, 1762, 2922, 2631, 262, 9.41%, 0, 0, 4, 0.70
1522367174, 0, 1766, 2925, 2633, 282, 9.41%, 0, 0, 4, 7.56
1522367186, 0, 1769, 2927, 2633, 280, 9.41%, 0, 0, 4, 1.11
1522367191, 0, 1790, 2939, 2643, 281, 9.41%, 0, 0, 4, 260.57
1522367196, 0, 1798, 2940, 2642, 280, 9.41%, 0, 0, 4, 1477.61
1522367201, 0, 1801, 2941, 2642, 279, 9.41%, 0, 0, 4, 719.92
1522367206, 0, 1807, 2950, 2649, 276, 9.47%, 0, 0, 4, 237.70
1522367211, 0, 1809, 2951, 2648, 274, 9.47%, 0, 0, 4, 1441.33
1522367217, 0, 1818, 2951, 2647, 273, 9.47%, 0, 0, 4, 36.87
1522367224, 0, 1821, 2951, 2646, 272, 9.47%, 0, 0, 4, 1.32
1522367240, 0, 1826, 2958, 2652, 276, 9.48%, 0, 0, 4, 251.50
1522367245, 0, 1826, 2960, 2654, 276, 9.48%, 0, 0, 4, 251.71
1522367259, 0, 1837, 2961, 2653, 275, 9.48%, 0, 0, 4, 48.38
1522367264, 0, 1843, 2961, 2652, 273, 9.48%, 0, 0, 4, 581.16
1522367269, 0, 1843, 2962, 2653, 273, 9.48%, 0, 0, 4, 305.02
1522367277, 0, 1853, 2964, 2654, 273, 9.48%, 0, 0, 4, 1.54
1522367288, 0, 1853, 2970, 2659, 272, 9.49%, 0, 0, 4, 175.02
1522367294, 0, 1877, 2988, 2676, 278, 9.52%, 0, 0, 4, 10.28
1522367299, 0, 1882, 2988, 2675, 278, 9.52%, 0, 0, 4, 198.68
1522367320, 0, 1893, 3002, 2686, 275, 9.52%, 0, 0, 4, 1.13
1522367325, 0, 1898, 3002, 2686, 276, 9.52%, 0, 0, 4, 250.23
1522367332, 0, 1905, 3003, 2685, 275, 9.52%, 0, 0, 4, 0.39
1522367337, 0, 1911, 3003, 2684, 274, 9.52%, 0, 0, 4, 826.73
1522367343, 0, 1922, 3007, 2685, 272, 9.52%, 0, 0, 4, 5.44
1522367349, 0, 1934, 3007, 2682, 269, 9.52%, 0, 0, 4, 3.08
1522367354, 0, 1972, 3010, 2683, 267, 9.52%, 0, 0, 4, 692.87
1522367359, 0, 1975, 3011, 2683, 266, 9.53%, 0, 0, 4, 522.10
1522367364, 0, 1977, 3011, 2682, 266, 9.53%, 0, 0, 4, 555.10
1522367375, 0, 1983, 3012, 2682, 265, 9.53%, 0, 0, 4, 348.10
1522367387, 0, 1983, 3013, 2683, 265, 9.53%, 0, 0, 4, 0.99
1522367397, 0, 1990, 3024, 2693, 267, 9.53%, 0, 0, 4, 0.55
1522367409, 0, 1993, 3024, 2692, 266, 9.53%, 0, 0, 4, 535.00
1522367414, 0, 2001, 3025, 2692, 265, 9.53%, 0, 0, 4, 685.00
1522367419, 0, 2005, 3025, 2691, 264, 9.53%, 0, 0, 4, 559.74
1522367429, 0, 2006, 3025, 2690, 263, 9.53%, 0, 0, 4, 82.91
