# unix_time, cycles_done, cur_path, paths_total, pending_total, pending_favs, map_size, unique_crashes, unique_hangs, max_depth, execs_per_sec
1522785451, 0, 0, 1, 1, 1, 3.88%, 0, 0, 1, 177.78
1522785457, 0, 0, 129, 129, 1, 5.17%, 0, 0, 2, 627.93
1522785462, 0, 0, 232, 232, 1, 5.47%, 0, 0, 2, 455.62
1522785467, 0, 0, 311, 311, 1, 5.61%, 0, 0, 2, 457.35
1522785472, 0, 0, 385, 385, 1, 5.85%, 0, 0, 2, 479.29
1522785477, 0, 0, 442, 442, 1, 6.12%, 0, 0, 2, 532.54
1522785482, 0, 0, 492, 492, 1, 6.19%, 0, 0, 2, 544.74
1522785487, 0, 0, 545, 544, 0, 6.48%, 0, 0, 2, 518.51
1522785492, 0, 0, 670, 669, 0, 9.11%, 0, 0, 2, 291.98
1522785497, 0, 0, 772, 771, 0, 9.84%, 0, 0, 2, 198.48
1522785502, 0, 0, 885, 884, 0, 10.27%, 0, 0, 2, 214.29
1522785508, 0, 0, 989, 988, 0, 10.55%, 0, 0, 2, 199.77
1522785513, 0, 0, 1099, 1098, 0, 10.84%, 0, 0, 2, 199.74
1522785518, 0, 0, 1197, 1196, 0, 11.01%, 0, 0, 2, 179.88
1522785523, 0, 0, 1320, 1319, 0, 11.23%, 0, 0, 2, 220.52
1522785528, 0, 0, 1402, 1401, 0, 11.32%, 0, 0, 2, 168.83
1522785533, 0, 0, 1492, 1491, 0, 11.39%, 0, 0, 2, 170.05
1522785538, 0, 0, 1598, 1597, 0, 11.51%, 0, 0, 2, 183.94
1522785543, 0, 0, 1714, 1713, 0, 11.62%, 0, 0, 2, 198.43
1522785549, 0, 0, 1831, 1830, 0, 11.69%, 0, 0, 2, 212.58
1522785554, 0, 0, 1923, 1922, 0, 11.74%, 0, 0, 2, 181.27
1522785559, 0, 0, 2035, 2034, 0, 11.86%, 0, 0, 2, 206.74
1522785564, 0, 0, 2150, 2149, 0, 11.93%, 0, 0, 2, 225.11
1522785569, 0, 0, 2250, 2249, 0, 11.99%, 0, 0, 2, 201.17
1522785574, 0, 0, 2353, 2352, 0, 12.10%, 0, 0, 2, 204.67
1522785579, 0, 0, 2465, 2464, 0, 12.16%, 0, 0, 2, 331.32
1522785584, 0, 0, 2571, 2570, 0, 12.21%, 0, 0, 2, 230.58
1522785590, 0, 0, 2690, 2689, 0, 12.28%, 0, 0, 2, 240.36
1522785595, 0, 0, 2794, 2793, 0, 12.34%, 0, 0, 2, 219.69
1522785600, 0, 0, 2888, 2887, 0, 12.38%, 0, 0, 2, 204.75
1522785605, 0, 0, 3001, 3000, 0, 12.41%, 0, 0, 2, 218.38
1522785610, 0, 0, 3114, 3113, 0, 12.46%, 0, 0, 2, 219.92
1522785615, 0, 0, 3226, 3225, 0, 12.47%, 0, 0, 2, 222.53
1522785620, 0, 0, 3348, 3347, 0, 12.52%, 0, 0, 2, 230.34
1522785625, 0, 0, 3401, 3400, 0, 12.57%, 0, 0, 2, 164.43
1522785630, 0, 0, 3454, 3453, 0, 12.60%, 0, 0, 2, 158.41
1522785635, 0, 0, 3505, 3504, 0, 12.63%, 0, 0, 2, 44.78
1522785640, 0, 0, 3554, 3553, 0, 12.64%, 0, 0, 2, 207.70
1522785646, 0, 0, 3604, 3603, 0, 12.64%, 0, 0, 2, 102.56
1522785651, 0, 0, 3652, 3651, 0, 12.66%, 0, 0, 2, 131.16
1522785656, 0, 0, 3700, 3699, 0, 12.66%, 0, 0, 2, 161.93
1522785661, 0, 0, 3753, 3752, 0, 12.67%, 0, 0, 2, 168.38
1522785666, 0, 0, 3803, 3802, 0, 12.67%, 0, 0, 2, 168.24
1522785671, 0, 0, 3851, 3850, 0, 12.67%, 0, 0, 2, 162.74
1522785676, 0, 0, 3894, 3893, 0, 12.68%, 0, 0, 2, 158.00
1522785681, 0, 0, 3938, 3937, 0, 12.68%, 0, 0, 2, 157.91
1522785686, 0, 0, 3985, 3984, 0, 12.68%, 0, 0, 2, 190.16
1522785691, 0, 0, 4034, 4033, 0, 12.68%, 0, 0, 2, 166.72
1522785697, 0, 0, 4082, 4081, 0, 12.69%, 0, 0, 2, 177.23
1522785702, 0, 0, 4093, 4092, 0, 12.69%, 0, 0, 2, 183.67
1522785707, 0, 0, 4098, 4097, 0, 12.69%, 0, 0, 2, 166.91
1522785712, 0, 0, 4103, 4102, 0, 12.69%, 0, 0, 2, 137.77
1522785717, 0, 0, 4107, 4106, 0, 12.69%, 0, 0, 2, 156.10
1522785722, 0, 0, 4111, 4110, 0, 12.69%, 0, 0, 2, 190.63
1522785727, 0, 0, 4114, 4113, 0, 12.69%, 0, 0, 2, 115.57
1522785732, 0, 0, 4120, 4119, 0, 12.69%, 0, 0, 2, 197.75
1522785737, 0, 0, 4124, 4123, 0, 12.69%, 0, 0, 2, 166.23
1522785743, 0, 0, 4126, 4125, 0, 12.69%, 0, 0, 2, 158.53
1522785748, 0, 0, 4128, 4127, 0, 12.69%, 0, 0, 2, 151.09
1522785789, 0, 0, 4129, 4128, 0, 12.69%, 0, 0, 2, 143.51
1522785820, 0, 0, 4130, 4129, 0, 12.69%, 0, 0, 2, 157.21
1522785835, 0, 0, 4132, 4131, 0, 12.72%, 0, 0, 2, 171.03
1522785840, 0, 0, 4134, 4133, 0, 12.72%, 0, 0, 2, 169.61
1522785845, 0, 0, 4136, 4135, 0, 12.72%, 0, 0, 2, 179.10
1522785850, 0, 0, 4143, 4142, 0, 12.73%, 0, 0, 2, 183.72
1522785855, 0, 0, 4146, 4145, 0, 12.73%, 0, 0, 2, 188.72
1522785860, 0, 0, 4149, 4148, 0, 12.73%, 0, 0, 2, 173.58
1522785865, 0, 0, 4150, 4149, 0, 12.73%, 0, 0, 2, 173.50
1522785870, 0, 0, 4152, 4151, 0, 12.74%, 0, 0, 2, 172.54
1522785891, 0, 0, 4153, 4152, 0, 12.74%, 0, 0, 2, 155.02
1522785896, 0, 0, 4154, 4153, 0, 12.74%, 0, 0, 2, 162.40
1522785901, 0, 0, 4155, 4154, 0, 12.74%, 0, 0, 2, 160.43
1522785911, 0, 0, 4157, 4156, 0, 12.74%, 0, 0, 2, 178.64
1522785916, 0, 0, 4158, 4157, 0, 12.74%, 0, 0, 2, 175.29
1522785921, 0, 0, 4160, 4159, 0, 12.74%, 0, 0, 2, 173.07
1522785926, 0, 0, 4161, 4160, 0, 12.75%, 0, 0, 2, 174.64
1522785932, 0, 0, 4163, 4162, 0, 12.75%, 0, 0, 2, 179.38
1522785942, 0, 0, 4164, 4163, 0, 12.75%, 0, 0, 2, 176.43
1522785947, 0, 43, 4164, 4163, 853, 12.75%, 0, 0, 2, 1213.69
1522785952, 0, 88, 4166, 4160, 845, 12.75%, 0, 0, 2, 1232.55
1522785957, 0, 132, 4166, 4156, 841, 12.75%, 0, 0, 2, 1123.01
1522785962, 0, 147, 4166, 4154, 840, 12.75%, 0, 0, 2, 1065.45
1522785967, 0, 168, 4166, 4152, 839, 12.75%, 0, 0, 2, 1025.22
1522785972, 0, 225, 4167, 4151, 838, 12.75%, 0, 0, 2, 1053.45
1522785977, 0, 245, 4167, 4149, 837, 12.75%, 0, 0, 2, 991.37
1522785982, 0, 272, 4167, 4146, 836, 12.75%, 0, 0, 2, 751.50
1522785987, 0, 337, 4167, 4143, 834, 12.75%, 0, 0, 2, 954.77
1522785993, 0, 354, 4168, 4142, 833, 12.75%, 0, 0, 2, 926.44
1522785998, 0, 425, 4168, 4140, 831, 12.75%, 0, 0, 2, 1072.57
1522786003, 0, 458, 4168, 4137, 828, 12.75%, 0, 0, 2, 952.20
1522786008, 0, 461, 4168, 4136, 827, 12.75%, 0, 0, 2, 987.67
1522786013, 0, 477, 4168, 4134, 825, 12.75%, 0, 0, 2, 1048.57
1522786018, 0, 511, 4169, 4132, 823, 12.75%, 0, 0, 2, 1073.23
1522786023, 0, 555, 4169, 4130, 821, 12.75%, 0, 0, 2, 836.60
1522786033, 0, 558, 4169, 4129, 820, 12.75%, 0, 0, 2, 328.22
1522786038, 0, 567, 4172, 4130, 818, 12.75%, 0, 0, 2, 625.14
1522786044, 0, 573, 4172, 4129, 817, 12.75%, 0, 0, 2, 31.13
1522786049, 0, 577, 4172, 4127, 815, 12.75%, 0, 0, 2, 970.00
1522786054, 0, 585, 4173, 4126, 813, 12.75%, 0, 0, 2, 917.81
1522786059, 0, 612, 4173, 4123, 810, 12.75%, 0, 0, 2, 869.52
1522786064, 0, 633, 4174, 4121, 807, 12.75%, 0, 0, 2, 912.28
1522786069, 0, 647, 4174, 4119, 805, 12.75%, 0, 0, 2, 173.01
1522786074, 0, 652, 4174, 4117, 803, 12.75%, 0, 0, 2, 1063.20
1522786079, 0, 663, 4174, 4114, 800, 12.75%, 0, 0, 2, 1019.01
1522786085, 0, 667, 4174, 4112, 799, 12.75%, 0, 0, 2, 671.79
1522786090, 0, 668, 4174, 4111, 798, 12.75%, 0, 0, 2, 403.30
1522786095, 0, 676, 4175, 4110, 797, 12.75%, 0, 0, 2, 915.26
1522786100, 0, 679, 4180, 4114, 796, 12.75%, 0, 0, 2, 24.08
1522786110, 0, 683, 4180, 4112, 794, 12.75%, 0, 0, 2, 770.30
1522786115, 0, 686, 4180, 4109, 792, 12.75%, 0, 0, 2, 899.75
1522786120, 0, 704, 4180, 4107, 790, 12.75%, 0, 0, 2, 750.12
1522786125, 0, 721, 4180, 4105, 788, 12.75%, 0, 0, 2, 915.34
1522786130, 0, 725, 4180, 4104, 787, 12.75%, 0, 0, 2, 73.80
1522786136, 0, 738, 4180, 4102, 785, 12.75%, 0, 0, 2, 112.61
1522786141, 0, 743, 4180, 4100, 783, 12.75%, 0, 0, 2, 1062.13
1522786146, 0, 765, 4183, 4099, 778, 12.75%, 0, 0, 2, 1052.32
1522786151, 0, 785, 4185, 4098, 775, 12.75%, 0, 0, 2, 965.88
1522786156, 0, 795, 4185, 4095, 772, 12.75%, 0, 0, 2, 959.97
1522786161, 0, 797, 4185, 4094, 771, 12.75%, 0, 0, 2, 1234.65
1522786166, 0, 814, 4185, 4090, 767, 12.75%, 0, 0, 2, 207.85
1522786292, 0, 817, 4187, 4091, 767, 12.76%, 0, 0, 2, 0.00
