# unix_time, cycles_done, cur_path, paths_total, pending_total, pending_favs, map_size, unique_crashes, unique_hangs, max_depth, execs_per_sec
1522365984, 0, 0, 1, 1, 1, 3.88%, 0, 0, 1, 296.30
1522365989, 0, 0, 190, 190, 1, 5.52%, 0, 0, 2, 956.84
1522365994, 0, 0, 318, 318, 1, 5.81%, 0, 0, 2, 807.32
1522365999, 0, 0, 411, 411, 1, 5.97%, 0, 0, 2, 794.28
1522366004, 0, 0, 493, 493, 1, 6.20%, 0, 0, 2, 754.54
1522366009, 0, 2, 585, 584, 238, 6.50%, 0, 0, 2, 731.36
1522366014, 0, 2, 624, 623, 238, 6.59%, 0, 0, 3, 1487.29
1522366019, 0, 7, 636, 633, 251, 6.65%, 0, 0, 3, 1672.89
1522366024, 0, 17, 682, 677, 247, 6.75%, 0, 0, 3, 1281.43
1522366029, 0, 17, 725, 720, 247, 6.81%, 0, 0, 3, 890.66
1522366034, 0, 17, 784, 778, 246, 6.83%, 0, 0, 3, 452.02
1522366040, 0, 25, 836, 830, 276, 6.88%, 0, 0, 3, 1212.07
1522366045, 0, 35, 872, 865, 276, 6.89%, 0, 0, 3, 1142.01
1522366050, 0, 35, 924, 917, 276, 6.90%, 0, 0, 3, 225.59
1522366055, 0, 36, 951, 943, 275, 7.11%, 0, 0, 3, 1288.48
1522366060, 0, 36, 975, 967, 275, 7.13%, 0, 0, 3, 977.02
1522366065, 0, 36, 1010, 1002, 275, 7.14%, 0, 0, 3, 668.69
1522366070, 0, 39, 1035, 1025, 283, 7.23%, 0, 0, 3, 963.20
1522366075, 0, 39, 1060, 1050, 283, 7.25%, 0, 0, 3, 932.25
1522366080, 0, 39, 1096, 1086, 283, 7.26%, 0, 0, 3, 317.03
1522366085, 0, 39, 1144, 1133, 282, 7.31%, 0, 0, 3, 518.82
1522366091, 0, 39, 1225, 1214, 282, 7.38%, 0, 0, 3, 349.19
1522366096, 0, 56, 1265, 1253, 311, 7.41%, 0, 0, 3, 936.50
1522366101, 0, 56, 1285, 1273, 311, 7.41%, 0, 0, 3, 972.64
1522366106, 0, 56, 1310, 1298, 311, 7.42%, 0, 0, 3, 740.37
1522366111, 0, 68, 1327, 1312, 306, 7.53%, 0, 0, 3, 1012.17
1522366116, 0, 68, 1353, 1337, 305, 7.59%, 0, 0, 3, 471.76
1522366122, 0, 69, 1425, 1409, 306, 7.66%, 0, 0, 3, 706.00
1522366127, 0, 94, 1440, 1421, 301, 7.66%, 0, 0, 3, 1079.50
1522366132, 0, 94, 1454, 1435, 301, 7.66%, 0, 0, 3, 678.02
1522366137, 0, 97, 1484, 1463, 300, 7.69%, 0, 0, 3, 136.00
1522366142, 0, 99, 1513, 1492, 306, 7.73%, 0, 0, 3, 1138.61
1522366150, 0, 115, 1518, 1495, 305, 7.75%, 0, 0, 3, 4.25
1522366155, 0, 119, 1527, 1503, 304, 7.75%, 0, 0, 3, 1.82
1522366164, 0, 125, 1532, 1506, 302, 7.76%, 0, 0, 3, 0.00
1522366174, 0, 125, 1590, 1564, 302, 7.88%, 0, 0, 3, 0.52
1522366187, 0, 125, 1611, 1585, 302, 7.89%, 0, 0, 3, 0.34
1522366198, 0, 125, 1612, 1586, 302, 7.89%, 0, 0, 3, 166.65
1522366203, 0, 125, 1613, 1587, 302, 7.89%, 0, 0, 3, 154.23
1522366216, 0, 138, 1616, 1589, 314, 7.89%, 0, 0, 3, 0.10
1522366231, 0, 144, 1616, 1587, 312, 7.89%, 0, 0, 3, 2.72
1522366236, 0, 150, 1626, 1596, 312, 7.90%, 0, 0, 3, 563.17
1522366242, 0, 150, 1655, 1624, 311, 7.94%, 0, 0, 3, 0.83
1522366251, 0, 150, 1701, 1670, 311, 7.96%, 0, 0, 3, 0.20
1522366257, 0, 150, 1749, 1718, 311, 8.02%, 0, 0, 3, 2.29
1522366262, 0, 176, 1799, 1764, 340, 8.07%, 0, 0, 3, 943.30
1522366272, 0, 176, 1831, 1795, 339, 8.11%, 0, 0, 3, 0.31
1522366292, 0, 176, 1924, 1888, 339, 8.35%, 0, 0, 3, 0.29
1522366309, 0, 188, 1930, 1893, 364, 8.39%, 0, 0, 3, 0.92
1522366315, 0, 191, 1931, 1892, 362, 8.39%, 0, 0, 3, 1019.73
1522366320, 0, 206, 1966, 1925, 360, 8.42%, 0, 0, 3, 146.09
1522366327, 0, 206, 1990, 1949, 360, 8.42%, 0, 0, 3, 0.38
1522366336, 0, 206, 2028, 1987, 360, 8.44%, 0, 0, 3, 0.15
1522366341, 0, 217, 2046, 2005, 360, 8.45%, 0, 0, 3, 1483.58
1522366357, 0, 237, 2052, 2009, 358, 8.45%, 0, 0, 3, 1.39
1522366364, 0, 242, 2053, 2009, 357, 8.45%, 0, 0, 3, 5.34
1522366369, 0, 256, 2067, 2021, 355, 8.45%, 0, 0, 3, 105.59
1522366375, 0, 256, 2101, 2055, 355, 8.47%, 0, 0, 3, 0.62
1522366383, 0, 256, 2156, 2110, 355, 8.48%, 0, 0, 3, 0.95
1522366398, 0, 256, 2163, 2117, 355, 8.49%, 0, 0, 3, 0.16
1522366403, 0, 264, 2171, 2124, 369, 8.49%, 0, 0, 3, 1332.40
1522366408, 0, 270, 2176, 2127, 367, 8.49%, 0, 0, 3, 257.43
1522366421, 0, 279, 2222, 2171, 366, 8.51%, 0, 0, 3, 0.00
1522366426, 0, 281, 2230, 2179, 370, 8.62%, 0, 0, 3, 1572.12
1522366432, 0, 291, 2233, 2180, 368, 8.62%, 0, 0, 3, 9.64
1522366437, 0, 298, 2234, 2180, 367, 8.62%, 0, 0, 3, 1179.10
1522366446, 0, 310, 2235, 2180, 366, 8.62%, 0, 0, 3, 2.70
1522366451, 0, 317, 2253, 2197, 366, 8.64%, 0, 0, 3, 975.54
1522366456, 0, 326, 2253, 2193, 362, 8.64%, 0, 0, 3, 1098.67
1522366473, 0, 326, 2282, 2221, 361, 8.68%, 0, 0, 3, 74.60
1522366478, 0, 336, 2287, 2225, 364, 8.69%, 0, 0, 3, 332.39
1522366483, 0, 349, 2287, 2223, 362, 8.69%, 0, 0, 3, 886.20
1522366488, 0, 351, 2310, 2244, 362, 8.70%, 0, 0, 3, 1480.10
1522366499, 0, 372, 2310, 2242, 361, 8.70%, 0, 0, 3, 3.86
1522366504, 0, 397, 2312, 2242, 360, 8.70%, 0, 0, 3, 1115.04
1522366509, 0, 397, 2344, 2273, 359, 8.82%, 0, 0, 3, 113.74
1522366522, 0, 400, 2348, 2277, 368, 8.82%, 0, 0, 3, 2.57
1522366527, 0, 461, 2349, 2273, 365, 8.82%, 0, 0, 3, 1211.83
1522366532, 0, 462, 2377, 2301, 368, 8.83%, 0, 0, 3, 1073.56
1522366549, 0, 462, 2378, 2302, 368, 8.83%, 0, 0, 3, 1.47
1522366554, 0, 464, 2388, 2311, 367, 8.83%, 0, 0, 3, 22.04
1522366559, 0, 472, 2391, 2312, 365, 8.83%, 0, 0, 3, 926.42
1522366571, 0, 475, 2395, 2314, 363, 8.83%, 0, 0, 3, 0.12
1522366576, 0, 475, 2445, 2364, 363, 8.85%, 0, 0, 3, 103.35
1522366581, 0, 493, 2453, 2372, 364, 8.86%, 0, 0, 3, 1303.46
1522366586, 0, 512, 2454, 2371, 362, 8.86%, 0, 0, 3, 1042.53
1522366591, 0, 521, 2473, 2387, 359, 8.87%, 0, 0, 3, 192.03
1522366596, 0, 530, 2475, 2387, 358, 8.87%, 0, 0, 3, 1437.75
1522366601, 0, 538, 2482, 2391, 354, 8.89%, 0, 0, 3, 1236.67
1522366606, 0, 552, 2484, 2391, 352, 8.89%, 0, 0, 3, 1128.08
1522366612, 0, 564, 2493, 2399, 351, 8.89%, 0, 0, 3, 798.47
1522366617, 0, 566, 2508, 2412, 352, 8.90%, 0, 0, 3, 1292.10
1522366622, 0, 574, 2508, 2410, 350, 8.90%, 0, 0, 3, 1002.74
1522366627, 0, 584, 2509, 2409, 348, 8.90%, 0, 0, 3, 907.14
1522366632, 0, 594, 2518, 2416, 348, 8.95%, 0, 0, 4, 1095.27
1522366637, 0, 597, 2519, 2415, 347, 8.95%, 0, 0, 4, 1054.14
1522366642, 0, 609, 2532, 2426, 345, 8.95%, 0, 0, 4, 849.39
1522366647, 0, 616, 2532, 2423, 342, 8.95%, 0, 0, 4, 986.56
1522366652, 0, 617, 2533, 2423, 341, 8.95%, 0, 0, 4, 836.06
1522366657, 0, 632, 2543, 2428, 338, 8.98%, 0, 0, 4, 1096.94
1522366662, 0, 649, 2545, 2424, 332, 8.98%, 0, 0, 4, 1145.93
1522366667, 0, 656, 2545, 2422, 330, 8.98%, 0, 0, 4, 1198.84
1522366673, 0, 673, 2549, 2423, 327, 8.98%, 0, 0, 4, 62.50
1522366678, 0, 702, 2555, 2427, 327, 8.99%, 0, 0, 4, 977.04
1522366683, 0, 755, 2557, 2426, 326, 9.00%, 0, 0, 4, 1233.27
1522366688, 0, 763, 2558, 2425, 324, 9.00%, 0, 0, 4, 1152.80
1522366693, 0, 775, 2561, 2426, 322, 9.00%, 0, 0, 4, 1293.83
1522366702, 0, 775, 2570, 2434, 321, 9.00%, 0, 0, 4, 0.52
1522366707, 0, 781, 2579, 2442, 321, 9.00%, 0, 0, 4, 1276.52
1522366712, 0, 786, 2581, 2442, 320, 9.00%, 0, 0, 4, 1155.05
1522366717, 0, 811, 2590, 2449, 318, 9.00%, 0, 0, 4, 946.93
1522366722, 0, 818, 2590, 2448, 317, 9.00%, 0, 0, 4, 1151.42
1522366736, 0, 832, 2591, 2447, 315, 9.00%, 0, 0, 4, 15.82
1522366741, 0, 843, 2602, 2456, 316, 9.01%, 0, 0, 4, 1233.22
1522366747, 0, 872, 2602, 2455, 315, 9.01%, 0, 0, 4, 0.29
1522366757, 0, 880, 2607, 2458, 313, 9.01%, 0, 0, 4, 4.41
1522366762, 0, 956, 2616, 2465, 311, 9.01%, 0, 0, 4, 1305.35
1522366767, 0, 981, 2616, 2463, 309, 9.01%, 0, 0, 4, 1048.64
1522366772, 0, 1017, 2616, 2461, 307, 9.01%, 0, 0, 4, 1305.00
1522366784, 0, 1017, 2623, 2467, 306, 9.01%, 0, 0, 4, 0.00
1522366789, 0, 1043, 2625, 2467, 305, 9.01%, 0, 0, 4, 1240.03
1522366795, 0, 1045, 2627, 2468, 304, 9.01%, 0, 0, 4, 0.70
1522366800, 0, 1047, 2628, 2468, 303, 9.03%, 0, 0, 4, 1313.80
1522366811, 0, 1047, 2658, 2497, 302, 9.11%, 0, 0, 4, 0.89
1522366816, 0, 1061, 2664, 2502, 312, 9.11%, 0, 0, 4, 1028.45
1522366821, 0, 1096, 2664, 2500, 311, 9.11%, 0, 0, 4, 920.56
1522366826, 0, 1123, 2664, 2499, 310, 9.11%, 0, 0, 4, 1430.00
1522366833, 0, 1123, 2665, 2499, 309, 9.11%, 0, 0, 4, 1.40
1522366838, 0, 1131, 2683, 2516, 310, 9.12%, 0, 0, 4, 980.57
1522366843, 0, 1135, 2684, 2516, 309, 9.12%, 0, 0, 4, 831.65
1522366848, 0, 1144, 2691, 2520, 306, 9.13%, 0, 0, 4, 169.06
1522366856, 0, 1150, 2693, 2522, 307, 9.13%, 0, 0, 4, 4.53
1522366863, 0, 1151, 2694, 2522, 306, 9.13%, 0, 0, 4, 4.96
1522366868, 0, 1163, 2694, 2519, 303, 9.13%, 0, 0, 4, 1190.11
1522366873, 0, 1187, 2705, 2527, 305, 9.14%, 0, 0, 4, 1107.22
1522366887, 0, 1192, 2705, 2525, 303, 9.14%, 0, 0, 4, 6.13
1522366901, 0, 1195, 2715, 2534, 304, 9.17%, 0, 0, 4, 1245.92
1522366906, 0, 1209, 2716, 2533, 302, 9.17%, 0, 0, 4, 1313.36
1522366914, 0, 1211, 2716, 2532, 301, 9.17%, 0, 0, 4, 3.53
1522366925, 0, 1228, 2726, 2540, 301, 9.19%, 0, 0, 4, 1295.65
1522366930, 0, 1244, 2726, 2537, 298, 9.19%, 0, 0, 4, 1127.99
1522366935, 0, 1246, 2726, 2536, 297, 9.19%, 0, 0, 4, 1168.64
1522366942, 0, 1246, 2747, 2556, 296, 9.21%, 0, 0, 4, 0.57
1522366947, 0, 1272, 2758, 2566, 300, 9.22%, 0, 0, 4, 869.64
1522366952, 0, 1292, 2758, 2564, 298, 9.22%, 0, 0, 4, 755.55
1522366958, 0, 1315, 2758, 2563, 297, 9.22%, 0, 0, 4, 5.92
1522366963, 0, 1333, 2772, 2575, 299, 9.25%, 0, 0, 4, 42.74
1522366968, 0, 1351, 2773, 2574, 297, 9.25%, 0, 0, 4, 1374.15
1522366973, 0, 1360, 2774, 2574, 297, 9.25%, 0, 0, 4, 938.92
1522366978, 0, 1389, 2789, 2587, 298, 9.25%, 0, 0, 4, 781.15
1522366985, 0, 1389, 2790, 2588, 298, 9.25%, 0, 0, 4, 0.20
1522366991, 0, 1409, 2791, 2587, 297, 9.25%, 0, 0, 4, 6.09
1522366996, 0, 1417, 2802, 2596, 297, 9.26%, 0, 0, 4, 1310.23
1522367001, 0, 1420, 2802, 2594, 295, 9.26%, 0, 0, 4, 932.62
1522367006, 0, 1497, 2804, 2594, 293, 9.26%, 0, 0, 4, 767.63
1522367018, 0, 1500, 2822, 2611, 296, 9.27%, 0, 0, 4, 1202.61
1522367023, 0, 1528, 2823, 2608, 293, 9.27%, 0, 0, 4, 1092.28
1522367032, 0, 1530, 2837, 2621, 294, 9.28%, 0, 0, 4, 1.70
1522367040, 0, 1553, 2839, 2620, 291, 9.28%, 0, 0, 4, 6.26
1522367045, 0, 1605, 2855, 2633, 290, 9.29%, 0, 0, 4, 1474.35
1522367050, 0, 1636, 2857, 2632, 288, 9.29%, 0, 0, 4, 1304.86
1522367056, 0, 1648, 2859, 2632, 286, 9.29%, 0, 0, 4, 9.67
1522367061, 0, 1655, 2861, 2632, 284, 9.29%, 0, 0, 4, 906.94
1522367066, 0, 1668, 2874, 2643, 285, 9.29%, 0, 0, 4, 1735.00
1522367074, 0, 1671, 2875, 2643, 285, 9.29%, 0, 0, 4, 5.77
1522367079, 0, 1695, 2875, 2641, 284, 9.29%, 0, 0, 4, 1025.31
1522367084, 0, 1708, 2891, 2654, 282, 9.30%, 0, 0, 4, 383.88
1522367091, 0, 1717, 2892, 2654, 279, 9.30%, 0, 0, 4, 0.45
1522367098, 0, 1718, 2893, 2654, 278, 9.30%, 0, 0, 4, 0.33
1522367103, 0, 1719, 2894, 2654, 277, 9.30%, 0, 0, 4, 313.89
1522367108, 0, 1736, 2907, 2664, 275, 9.30%, 0, 0, 4, 831.60
1522367113, 0, 1749, 2908, 2664, 276, 9.30%, 0, 0, 4, 384.98
1522367122, 0, 1750, 2908, 2663, 276, 9.30%, 0, 0, 4, 1.44
1522367131, 0, 1750, 2911, 2665, 275, 9.30%, 0, 0, 4, 1.24
1522367136, 0, 1752, 2932, 2686, 277, 9.34%, 0, 0, 4, 357.98
1522367141, 0, 1754, 2932, 2685, 276, 9.34%, 0, 0, 4, 1.53
1522367146, 0, 1757, 2932, 2684, 275, 9.34%, 0, 0, 4, 1020.00
1522367151, 0, 1778, 2933, 2683, 273, 9.34%, 0, 0, 4, 436.86
1522367163, 0, 1790, 2974, 2722, 285, 9.37%, 0, 0, 4, 585.74
1522367168, 0, 1820, 2974, 2719, 282, 9.37%, 0, 0, 4, 890.74
1522367174, 0, 1820, 3000, 2744, 281, 9.41%, 0, 0, 4, 0.76
1522367186, 0, 1821, 3000, 2744, 288, 9.41%, 0, 0, 4, 1.14
1522367191, 0, 1842, 3001, 2742, 286, 9.41%, 0, 0, 4, 176.50
1522367196, 0, 1847, 3005, 2745, 285, 9.46%, 0, 0, 4, 193.18
1522367201, 0, 1847, 3016, 2755, 284, 9.47%, 0, 0, 4, 118.11
1522367206, 0, 1871, 3019, 2755, 284, 9.47%, 0, 0, 4, 405.36
1522367211, 0, 1871, 3020, 2756, 284, 9.47%, 0, 0, 4, 185.64
1522367224, 0, 1877, 3021, 2756, 284, 9.47%, 0, 0, 4, 1.14
1522367234, 0, 1880, 3028, 2762, 287, 9.48%, 0, 0, 4, 210.65
1522367239, 0, 1881, 3028, 2761, 286, 9.48%, 0, 0, 4, 618.39
1522367244, 0, 1881, 3029, 2762, 286, 9.48%, 0, 0, 4, 375.69
1522367249, 0, 1894, 3030, 2760, 284, 9.48%, 0, 0, 4, 744.77
1522367258, 0, 1900, 3039, 2767, 285, 9.50%, 0, 0, 4, 0.26
1522367263, 0, 1918, 3046, 2770, 284, 9.50%, 0, 0, 4, 287.69
1522367282, 0, 1925, 3046, 2769, 283, 9.50%, 0, 0, 4, 301.97
1522367287, 0, 1928, 3046, 2768, 282, 9.50%, 0, 0, 4, 426.47
1522367293, 0, 1928, 3048, 2770, 282, 9.51%, 0, 0, 4, 3.18
1522367299, 0, 1928, 3049, 2771, 282, 9.51%, 0, 0, 4, 1.54
1522367312, 0, 1931, 3049, 2770, 282, 9.51%, 0, 0, 4, 559.47
1522367317, 0, 1933, 3052, 2771, 280, 9.51%, 0, 0, 4, 589.11
1522367326, 0, 1933, 3069, 2788, 280, 9.52%, 0, 0, 4, 0.16
1522367331, 0, 1959, 3070, 2788, 283, 9.52%, 0, 0, 4, 191.67
1522367342, 0, 1963, 3072, 2789, 282, 9.52%, 0, 0, 4, 9.33
1522367348, 0, 1973, 3073, 2789, 281, 9.52%, 0, 0, 4, 9.98
1522367358, 0, 1992, 3073, 2788, 280, 9.52%, 0, 0, 4, 151.11
1522367374, 0, 2008, 3091, 2804, 285, 9.53%, 0, 0, 4, 596.69
1522367380, 0, 2016, 3091, 2803, 284, 9.53%, 0, 0, 4, 1.90
1522367386, 0, 2019, 3092, 2803, 283, 9.53%, 0, 0, 4, 8.65
1522367396, 0, 2024, 3092, 2802, 282, 9.53%, 0, 0, 4, 0.48
1522367401, 0, 2040, 3096, 2804, 280, 9.53%, 0, 0, 4, 702.84
1522367406, 0, 2045, 3097, 2804, 279, 9.53%, 0, 0, 4, 1349.94
1522367413, 0, 2047, 3098, 2804, 279, 9.54%, 0, 0, 4, 0.38
1522367418, 0, 2069, 3105, 2809, 278, 9.54%, 0, 0, 4, 612.41
1522367447, 0, 2085, 3105, 2806, 275, 9.54%, 0, 0, 4, 0.50
