# unix_time, cycles_done, cur_path, paths_total, pending_total, pending_favs, map_size, unique_crashes, unique_hangs, max_depth, execs_per_sec
1522270230, 0, 0, 1, 1, 1, 2.03%, 0, 0, 1, 727.27
1522270235, 0, 0, 207, 207, 1, 3.41%, 0, 0, 2, 1192.64
1522270240, 0, 0, 302, 301, 0, 3.59%, 0, 0, 2, 1276.36
1522270245, 0, 8, 490, 489, 193, 4.32%, 0, 0, 3, 1302.46
1522270250, 0, 11, 510, 508, 190, 4.37%, 0, 0, 3, 1447.92
1522270256, 0, 17, 523, 520, 192, 4.53%, 0, 0, 3, 1468.44
1522270261, 0, 22, 533, 529, 199, 4.58%, 0, 0, 3, 1441.95
1522270266, 0, 46, 548, 542, 204, 4.59%, 0, 0, 3, 1507.93
1522270271, 0, 69, 569, 559, 195, 4.60%, 0, 0, 3, 1529.22
1522270276, 0, 88, 574, 560, 192, 4.60%, 0, 0, 3, 1586.78
1522270281, 0, 100, 587, 569, 192, 4.61%, 0, 0, 3, 1483.01
1522270286, 0, 108, 598, 576, 186, 4.62%, 0, 0, 3, 1509.54
1522270291, 0, 142, 614, 586, 179, 4.65%, 0, 0, 3, 1535.37
1522270297, 0, 142, 623, 595, 179, 4.67%, 0, 0, 3, 1439.43
1522270302, 0, 146, 677, 647, 202, 4.84%, 0, 0, 3, 1375.50
1522270307, 0, 181, 689, 655, 201, 4.84%, 0, 0, 3, 1449.07
1522270312, 0, 189, 696, 658, 199, 4.84%, 0, 0, 3, 1477.15
1522270317, 0, 196, 703, 662, 196, 4.84%, 0, 0, 3, 1515.46
1522270322, 0, 210, 711, 666, 194, 4.85%, 0, 0, 3, 1489.72
1522270327, 0, 224, 735, 686, 198, 4.90%, 0, 0, 3, 1512.19
1522270332, 0, 232, 738, 686, 196, 4.90%, 0, 0, 3, 1473.99
1522270337, 0, 239, 741, 686, 194, 4.90%, 0, 0, 3, 1393.07
1522270342, 0, 246, 747, 689, 195, 4.91%, 0, 0, 3, 1467.62
1522270347, 0, 257, 757, 695, 193, 4.91%, 0, 0, 3, 1499.19
1522270352, 0, 265, 760, 695, 189, 5.17%, 0, 0, 3, 1515.41
1522270357, 0, 285, 761, 692, 186, 5.17%, 0, 0, 3, 1556.55
1522270363, 0, 307, 761, 688, 182, 5.17%, 0, 0, 3, 1391.76
1522270368, 0, 310, 767, 691, 180, 5.21%, 0, 0, 3, 1327.73
1522270373, 0, 332, 776, 697, 181, 5.22%, 0, 0, 3, 1438.37
1522270378, 0, 335, 782, 700, 181, 5.22%, 0, 0, 3, 1376.64
1522270383, 0, 340, 786, 701, 179, 5.22%, 0, 0, 3, 1373.09
1522270388, 0, 341, 799, 713, 182, 5.29%, 0, 0, 3, 1376.62
1522270393, 0, 353, 805, 716, 185, 5.29%, 0, 0, 3, 1379.24
1522270398, 0, 364, 811, 719, 184, 5.30%, 0, 0, 3, 1346.14
1522270403, 0, 370, 813, 718, 182, 5.30%, 0, 0, 3, 1306.11
1522270409, 0, 384, 818, 719, 180, 5.31%, 0, 0, 3, 1371.04
1522270414, 0, 395, 828, 726, 181, 5.37%, 0, 0, 3, 1328.99
1522270419, 0, 402, 836, 733, 180, 5.37%, 0, 0, 3, 1256.79
1522270424, 0, 406, 843, 737, 179, 5.38%, 0, 0, 3, 1252.67
1522270429, 0, 415, 848, 739, 180, 5.38%, 0, 0, 3, 1310.43
1522270434, 0, 419, 866, 754, 185, 5.44%, 0, 0, 3, 1383.40
1522270439, 0, 433, 873, 757, 182, 5.44%, 0, 0, 3, 1427.87
1522270444, 0, 437, 878, 760, 182, 5.44%, 0, 0, 3, 1434.56
1522270450, 0, 448, 896, 774, 184, 5.47%, 0, 0, 3, 1458.82
1522270455, 0, 452, 910, 787, 183, 5.52%, 0, 0, 3, 1397.11
1522270460, 0, 455, 914, 789, 189, 5.52%, 0, 0, 3, 1398.82
1522270465, 0, 461, 923, 795, 187, 5.53%, 0, 0, 3, 1415.38
1522270470, 0, 487, 931, 800, 188, 5.53%, 0, 0, 3, 1416.52
1522270475, 0, 495, 931, 796, 184, 5.53%, 0, 0, 3, 1441.60
1522270480, 0, 501, 938, 799, 180, 5.53%, 0, 0, 3, 1450.55
1522270485, 0, 513, 956, 809, 174, 5.62%, 0, 0, 4, 1403.66
1522270490, 0, 513, 966, 819, 174, 5.73%, 0, 0, 4, 1373.90
1522270496, 0, 524, 983, 825, 179, 5.76%, 0, 0, 4, 1269.31
1522270501, 0, 524, 991, 833, 179, 5.77%, 0, 0, 4, 1156.94
1522270506, 0, 535, 1000, 839, 182, 5.77%, 0, 0, 4, 1136.64
1522270511, 0, 544, 1001, 838, 180, 5.77%, 0, 0, 4, 1140.03
1522270516, 0, 548, 1011, 845, 179, 5.78%, 0, 0, 4, 1050.84
1522270521, 0, 550, 1011, 843, 177, 5.78%, 0, 0, 4, 1133.56
1522270526, 0, 556, 1022, 851, 173, 5.83%, 0, 0, 4, 1148.82
1522270531, 0, 564, 1022, 847, 169, 5.83%, 0, 0, 4, 1175.18
1522270537, 0, 583, 1034, 855, 165, 5.83%, 0, 0, 4, 1160.21
1522270542, 0, 594, 1043, 861, 165, 5.84%, 0, 0, 4, 1113.31
1522270547, 0, 598, 1043, 859, 163, 5.84%, 0, 0, 4, 1149.53
1522270552, 0, 604, 1054, 868, 164, 5.86%, 0, 0, 4, 1078.11
1522270557, 0, 616, 1082, 891, 167, 5.89%, 0, 0, 4, 1035.99
1522270562, 0, 623, 1112, 917, 166, 5.91%, 0, 0, 4, 1051.17
1522270567, 0, 623, 1119, 924, 166, 5.93%, 0, 0, 4, 1129.54
1522270572, 0, 636, 1129, 931, 171, 5.99%, 0, 0, 4, 1023.88
1522270577, 0, 669, 1141, 938, 176, 6.00%, 0, 0, 4, 1037.03
1522270582, 0, 676, 1150, 944, 175, 6.01%, 0, 0, 4, 1075.11
1522270587, 0, 687, 1152, 943, 172, 6.01%, 0, 0, 4, 1137.57
1522270592, 0, 694, 1165, 952, 170, 6.05%, 0, 0, 4, 1148.07
1522270598, 0, 705, 1174, 958, 170, 6.05%, 0, 0, 4, 1160.87
1522270603, 0, 729, 1182, 958, 165, 6.06%, 0, 0, 4, 1155.18
1522270608, 0, 737, 1186, 959, 163, 6.06%, 0, 0, 4, 1158.76
1522270613, 0, 743, 1186, 956, 160, 6.06%, 0, 0, 4, 1151.50
1522270618, 0, 747, 1191, 959, 159, 6.06%, 0, 0, 4, 1156.98
1522270623, 0, 757, 1201, 968, 158, 6.09%, 0, 0, 4, 1165.98
1522270628, 0, 766, 1209, 973, 165, 6.09%, 0, 0, 4, 1363.33
1522270633, 0, 775, 1209, 970, 162, 6.09%, 0, 0, 4, 1339.55
1522270638, 0, 786, 1214, 971, 160, 6.10%, 0, 0, 4, 1425.65
1522270644, 0, 794, 1230, 984, 158, 6.10%, 0, 0, 4, 1217.41
1522270649, 0, 798, 1232, 982, 154, 6.10%, 0, 0, 4, 1406.92
1522270654, 0, 809, 1240, 988, 155, 6.12%, 0, 0, 4, 1288.75
1522270659, 0, 819, 1241, 986, 153, 6.13%, 0, 0, 4, 1265.71
1522270664, 0, 823, 1248, 990, 153, 6.13%, 0, 0, 4, 1182.31
1522270669, 0, 831, 1254, 993, 150, 6.14%, 0, 0, 4, 1195.98
1522270675, 0, 842, 1254, 990, 147, 6.14%, 0, 0, 4, 1382.40
1522270680, 0, 853, 1255, 988, 144, 6.14%, 0, 0, 4, 1206.56
1522270685, 0, 858, 1258, 988, 141, 6.14%, 0, 0, 4, 1178.90
1522270690, 0, 864, 1261, 988, 138, 6.14%, 0, 0, 4, 1137.65
1522270695, 0, 873, 1266, 990, 137, 6.14%, 0, 0, 4, 1330.97
1522270700, 0, 894, 1267, 987, 133, 6.14%, 0, 0, 4, 1342.85
1522270705, 0, 896, 1280, 999, 136, 6.15%, 0, 0, 4, 1452.89
1522270710, 0, 907, 1293, 1011, 136, 6.16%, 0, 0, 4, 1216.24
1522270715, 0, 916, 1301, 1017, 142, 6.16%, 0, 0, 4, 1293.39
1522270720, 0, 927, 1324, 1037, 151, 6.29%, 0, 0, 4, 1259.63
1522270725, 0, 941, 1335, 1044, 149, 6.31%, 0, 0, 4, 1238.74
1522270730, 0, 943, 1339, 1046, 147, 6.31%, 0, 0, 4, 1203.57
1522270735, 0, 954, 1345, 1048, 147, 6.33%, 0, 0, 5, 1260.24
1522270740, 0, 958, 1360, 1060, 154, 6.51%, 0, 0, 5, 1184.27
1522270746, 0, 965, 1367, 1061, 150, 6.51%, 0, 0, 5, 1163.72
1522270751, 0, 999, 1388, 1077, 151, 6.53%, 0, 0, 5, 1187.41
1522270756, 0, 1009, 1390, 1076, 148, 6.53%, 0, 0, 5, 1282.95
1522270761, 0, 1029, 1392, 1074, 143, 6.53%, 0, 0, 5, 1407.92
1522270766, 0, 1041, 1401, 1082, 142, 6.53%, 0, 0, 5, 1215.34
1522270771, 0, 1047, 1408, 1086, 141, 6.54%, 0, 0, 5, 1296.81
1522270776, 0, 1073, 1417, 1091, 137, 6.54%, 0, 0, 5, 1211.35
1522270781, 0, 1080, 1423, 1096, 136, 6.54%, 0, 0, 5, 1236.69
1522270786, 0, 1080, 1425, 1098, 136, 6.54%, 0, 0, 5, 925.97
1522270791, 0, 1093, 1425, 1096, 134, 6.54%, 0, 0, 5, 1057.89
1522270796, 0, 1103, 1435, 1103, 134, 6.54%, 0, 0, 5, 1143.95
1522270802, 0, 1119, 1448, 1110, 132, 6.56%, 0, 0, 5, 1212.69
1522270807, 0, 1126, 1455, 1114, 130, 6.57%, 0, 0, 5, 1257.51
1522270812, 0, 1133, 1456, 1111, 126, 6.57%, 0, 0, 5, 1270.74
1522270817, 0, 1143, 1480, 1132, 128, 6.58%, 0, 0, 5, 1129.84
1522270822, 0, 1157, 1486, 1133, 125, 6.59%, 0, 0, 5, 1176.56
1522270827, 0, 1157, 1493, 1140, 125, 6.59%, 0, 0, 5, 884.55
1522270832, 0, 1160, 1495, 1140, 126, 6.60%, 0, 0, 5, 1104.98
1522270837, 0, 1179, 1506, 1146, 123, 6.60%, 0, 0, 5, 1321.01
1522270843, 0, 1180, 1510, 1149, 125, 6.61%, 0, 0, 5, 1255.33
1522270848, 0, 1189, 1513, 1150, 125, 6.61%, 0, 0, 5, 1163.59
1522270853, 0, 1193, 1515, 1150, 123, 6.61%, 0, 0, 5, 1141.02
1522270858, 0, 1196, 1522, 1155, 124, 6.62%, 0, 0, 5, 1148.43
1522270863, 0, 1198, 1522, 1153, 122, 6.62%, 0, 0, 5, 1149.93
1522270868, 0, 1200, 1527, 1156, 121, 6.62%, 0, 0, 5, 1141.31
1522270873, 0, 1206, 1529, 1156, 120, 6.63%, 0, 0, 5, 1129.60
1522270878, 0, 1213, 1533, 1157, 119, 6.63%, 0, 0, 5, 1153.87
1522270883, 0, 1221, 1533, 1155, 117, 6.63%, 0, 0, 5, 1084.64
1522270888, 0, 1237, 1541, 1160, 116, 6.63%, 0, 0, 5, 1172.93
1522270893, 0, 1247, 1542, 1157, 111, 6.63%, 0, 0, 5, 1410.36
1522270899, 0, 1271, 1548, 1156, 104, 6.64%, 0, 0, 5, 1469.24
1522270904, 0, 1276, 1551, 1156, 101, 6.64%, 0, 0, 5, 1449.59
1522270909, 0, 1292, 1560, 1162, 100, 6.64%, 0, 0, 5, 1443.29
1522270914, 0, 1292, 1566, 1168, 100, 6.64%, 0, 0, 5, 1212.69
1522270919, 0, 1293, 1570, 1171, 100, 6.64%, 0, 0, 5, 1258.12
1522270924, 0, 1298, 1581, 1180, 104, 6.65%, 0, 0, 5, 1411.10
1522270929, 0, 1302, 1585, 1182, 104, 6.67%, 0, 0, 5, 1387.89
1522270934, 0, 1319, 1598, 1188, 98, 6.67%, 0, 0, 5, 1233.69
1522270939, 0, 1320, 1606, 1195, 101, 6.68%, 0, 0, 5, 1143.01
1522270944, 0, 1325, 1622, 1209, 99, 6.69%, 0, 0, 5, 1479.93
1522270950, 0, 1342, 1623, 1205, 101, 6.69%, 0, 0, 5, 1428.44
1522270955, 0, 1346, 1625, 1203, 97, 6.69%, 0, 0, 6, 1418.06
1522270960, 0, 1351, 1639, 1216, 97, 6.74%, 0, 0, 6, 1276.00
1522270965, 0, 1353, 1649, 1225, 103, 6.76%, 0, 0, 6, 1159.59
1522270970, 0, 1353, 1654, 1230, 103, 6.76%, 0, 0, 6, 1280.86
1522270975, 0, 1366, 1657, 1228, 103, 6.76%, 0, 0, 6, 1269.41
1522270980, 0, 1379, 1660, 1228, 100, 6.76%, 0, 0, 6, 1272.96
1522270985, 0, 1391, 1662, 1226, 96, 6.77%, 0, 0, 6, 1149.69
1522270990, 0, 1407, 1666, 1225, 94, 6.77%, 0, 0, 6, 1378.41
1522270995, 0, 1428, 1670, 1226, 92, 6.79%, 0, 0, 6, 1128.84
1522271000, 0, 1458, 1672, 1224, 89, 6.79%, 0, 0, 6, 1150.08
1522271005, 0, 1479, 1678, 1226, 89, 6.80%, 0, 0, 6, 1120.43
1522271011, 0, 1497, 1683, 1227, 88, 6.81%, 0, 0, 6, 1073.02
1522271016, 0, 1505, 1685, 1225, 84, 6.81%, 0, 0, 6, 1265.01
1522271021, 0, 1521, 1688, 1224, 82, 6.81%, 0, 0, 6, 1371.13
1522271026, 0, 1524, 1692, 1227, 83, 6.81%, 0, 0, 6, 1150.77
1522271031, 0, 1528, 1695, 1228, 81, 6.81%, 0, 0, 6, 1132.96
1522271036, 0, 1537, 1700, 1229, 78, 6.81%, 0, 0, 6, 1325.38
1522271041, 0, 1550, 1702, 1226, 74, 6.81%, 0, 0, 6, 1373.89
1522271046, 0, 1551, 1706, 1229, 73, 6.81%, 0, 0, 6, 1269.49
1522271051, 0, 1565, 1707, 1227, 71, 6.81%, 0, 0, 6, 1241.73
1522271056, 0, 1565, 1713, 1233, 71, 6.81%, 0, 0, 6, 1232.42
1522271061, 0, 1567, 1727, 1246, 74, 6.83%, 0, 0, 6, 1163.90
1522271067, 0, 1575, 1729, 1245, 71, 6.83%, 0, 0, 6, 1256.26
1522271072, 0, 1584, 1743, 1255, 75, 6.90%, 0, 0, 6, 1379.48
1522271077, 0, 1616, 1746, 1250, 68, 6.91%, 0, 0, 6, 1212.72
1522271082, 0, 1622, 1750, 1250, 64, 6.91%, 0, 0, 6, 1169.96
1522271087, 0, 1629, 1753, 1250, 61, 6.91%, 0, 0, 7, 1240.63
1522271092, 0, 1636, 1762, 1256, 63, 6.92%, 0, 0, 7, 1188.77
1522271097, 0, 1639, 1765, 1256, 62, 6.92%, 0, 0, 7, 1212.54
1522271102, 0, 1641, 1769, 1258, 61, 6.93%, 0, 0, 7, 1089.80
1522271107, 0, 1647, 1770, 1255, 58, 6.94%, 0, 0, 7, 1087.96
1522271113, 0, 1653, 1781, 1263, 60, 6.95%, 0, 0, 7, 1237.38
1522271118, 0, 1665, 1784, 1262, 57, 6.95%, 0, 0, 7, 1270.44
1522271123, 0, 1671, 1788, 1263, 54, 6.95%, 0, 0, 7, 1236.76
1522271128, 0, 1673, 1802, 1276, 55, 6.96%, 0, 0, 7, 1116.91
1522271133, 0, 1674, 1805, 1278, 57, 6.96%, 0, 0, 7, 1115.36
1522271138, 0, 1686, 1816, 1284, 55, 6.97%, 0, 0, 7, 1070.47
1522271143, 0, 1689, 1816, 1282, 54, 6.97%, 0, 0, 7, 1129.91
1522271148, 0, 1706, 1824, 1286, 53, 6.99%, 0, 0, 7, 1109.12
1522271153, 0, 1712, 1829, 1290, 52, 6.99%, 0, 0, 7, 1130.13
1522271158, 0, 1712, 1830, 1291, 52, 6.99%, 0, 0, 7, 1117.44
1522271164, 0, 1714, 1841, 1301, 51, 6.99%, 0, 0, 7, 1097.28
1522271169, 0, 1718, 1855, 1313, 53, 7.04%, 0, 0, 7, 1080.56
1522271174, 0, 1735, 1859, 1313, 50, 7.04%, 0, 0, 7, 1043.30
1522271179, 0, 1739, 1859, 1310, 47, 7.04%, 0, 0, 7, 1119.64
1522271184, 0, 1742, 1875, 1324, 47, 7.08%, 0, 0, 7, 1386.00
1522271189, 0, 1754, 1875, 1320, 52, 7.08%, 0, 0, 7, 1334.99
1522271194, 0, 1764, 1880, 1321, 50, 7.08%, 0, 0, 8, 1277.56
1522271199, 0, 1770, 1896, 1334, 49, 7.08%, 0, 0, 8, 1304.85
1522271204, 0, 1781, 1900, 1333, 45, 7.08%, 0, 0, 8, 1159.74
1522271209, 0, 1795, 1902, 1332, 43, 7.09%, 0, 0, 8, 1196.49
1522271215, 0, 1819, 1907, 1333, 40, 7.09%, 0, 0, 8, 1243.34
1522271220, 0, 1845, 1919, 1339, 46, 7.14%, 0, 0, 8, 1252.66
1522271225, 0, 1862, 1923, 1340, 44, 7.15%, 0, 0, 8, 1178.07
1522271230, 0, 1877, 1928, 1335, 38, 7.15%, 0, 0, 8, 1171.09
1522271235, 0, 1899, 1934, 1337, 37, 7.16%, 0, 0, 8, 1051.46
1522271240, 0, 1899, 1937, 1340, 37, 7.16%, 0, 0, 9, 1045.30
1522271245, 0, 1902, 1942, 1342, 36, 7.16%, 0, 0, 9, 1073.43
1522271250, 0, 1902, 1944, 1344, 36, 7.16%, 0, 0, 9, 1007.45
1522271255, 0, 1905, 1953, 1351, 41, 7.17%, 0, 0, 9, 1124.71
1522271260, 0, 1912, 1961, 1353, 40, 7.18%, 0, 0, 9, 1224.16
1522271265, 0, 1912, 1973, 1365, 40, 7.21%, 0, 0, 9, 1218.19
1522271270, 0, 1923, 1974, 1359, 42, 7.21%, 0, 0, 9, 1162.21
1522271276, 0, 1936, 1977, 1355, 36, 7.21%, 0, 0, 9, 1090.09
1522271281, 0, 1944, 1979, 1354, 33, 7.21%, 0, 0, 10, 1069.60
1522271286, 0, 1957, 1982, 1350, 26, 7.21%, 0, 0, 10, 1215.31
1522271291, 0, 1962, 1987, 1351, 25, 7.22%, 0, 0, 10, 1354.46
1522271296, 0, 1975, 1994, 1350, 24, 7.23%, 0, 0, 10, 1199.63
1522271301, 0, 1983, 1997, 1351, 22, 7.24%, 0, 0, 10, 1118.07
1522271306, 0, 1987, 1998, 1349, 22, 7.24%, 0, 0, 10, 1262.60
1522271311, 0, 1988, 2004, 1354, 22, 7.24%, 0, 0, 10, 1348.49
1522271316, 0, 1992, 2013, 1360, 28, 7.25%, 0, 0, 10, 1334.71
1522271322, 0, 1998, 2018, 1360, 26, 7.27%, 0, 0, 10, 1294.77
1522271327, 0, 1998, 2023, 1365, 26, 7.30%, 0, 0, 10, 1224.92
1522271332, 0, 2005, 2027, 1366, 32, 7.32%, 0, 0, 10, 1137.41
1522271337, 0, 2009, 2032, 1368, 29, 7.32%, 0, 0, 10, 1250.50
1522271342, 0, 2013, 2035, 1368, 27, 7.32%, 0, 0, 10, 1294.62
1522271347, 0, 2018, 2041, 1369, 23, 7.33%, 0, 0, 10, 1278.13
1522271352, 0, 2025, 2043, 1366, 20, 7.33%, 0, 0, 10, 1266.13
1522271357, 0, 2026, 2052, 1374, 20, 7.38%, 0, 0, 10, 1357.15
1522271362, 0, 2037, 2054, 1374, 26, 7.38%, 0, 0, 10, 1286.14
1522271367, 0, 2040, 2057, 1374, 24, 7.38%, 0, 0, 10, 1185.77
1522271372, 0, 2047, 2058, 1370, 19, 7.38%, 0, 0, 10, 1155.67
1522271377, 1, 211, 2060, 1366, 14, 7.38%, 0, 0, 10, 1269.59
1522271383, 1, 379, 2064, 1367, 16, 7.39%, 0, 0, 10, 1355.27
1522271388, 1, 407, 2065, 1366, 16, 7.39%, 0, 0, 10, 1198.77
1522271393, 1, 571, 2065, 1363, 16, 7.39%, 0, 0, 10, 1293.63
1522271398, 1, 765, 2068, 1363, 15, 7.39%, 0, 0, 10, 1335.62
1522271403, 1, 1048, 2072, 1365, 14, 7.39%, 0, 0, 10, 1191.47
1522271408, 1, 1191, 2080, 1371, 14, 7.39%, 0, 0, 10, 1140.89
1522271413, 1, 1473, 2080, 1367, 12, 7.39%, 0, 0, 10, 1340.50
1522271419, 1, 1804, 2081, 1364, 10, 7.40%, 0, 0, 10, 1311.49
1522271424, 1, 1831, 2087, 1368, 11, 7.40%, 0, 0, 10, 1279.32
1522271429, 1, 2061, 2087, 1366, 10, 7.40%, 0, 0, 10, 1296.71
1522271434, 1, 2063, 2091, 1368, 8, 7.40%, 0, 0, 10, 1150.10
1522271439, 1, 2073, 2095, 1369, 9, 7.46%, 0, 0, 10, 1179.61
1522271444, 1, 2081, 2095, 1367, 8, 7.46%, 0, 0, 10, 1357.15
1522271449, 1, 2085, 2105, 1375, 11, 7.49%, 0, 0, 10, 1346.78
1522271470, 1, 2091, 2105, 1373, 9, 7.49%, 0, 0, 10, 0.06
1522271475, 1, 2092, 2132, 1399, 8, 7.68%, 0, 0, 10, 1294.13
1522271480, 1, 2094, 2189, 1455, 49, 7.82%, 0, 0, 10, 1231.69
1522271485, 1, 2101, 2190, 1454, 48, 7.83%, 0, 0, 10, 1372.26
1522271495, 1, 2101, 2191, 1455, 48, 7.83%, 0, 0, 10, 4.08
1522271501, 1, 2108, 2199, 1459, 47, 7.84%, 0, 0, 10, 9.73
