# unix_time, cycles_done, cur_path, paths_total, pending_total, pending_favs, map_size, unique_crashes, unique_hangs, max_depth, execs_per_sec
1522366143, 0, 0, 1, 1, 1, 3.88%, 0, 0, 1, 258.06
1522366148, 0, 0, 191, 191, 1, 5.65%, 0, 0, 2, 840.60
1522366153, 0, 0, 290, 290, 1, 5.88%, 0, 0, 2, 613.26
1522366158, 0, 0, 372, 372, 1, 6.02%, 0, 0, 2, 665.63
1522366163, 0, 0, 446, 446, 1, 6.52%, 0, 0, 2, 669.15
1522366168, 0, 0, 510, 510, 1, 6.64%, 0, 0, 2, 683.07
1522366173, 0, 0, 643, 642, 0, 7.16%, 0, 0, 2, 397.26
1522366178, 0, 0, 728, 727, 0, 7.29%, 0, 0, 2, 133.07
1522366183, 0, 0, 809, 808, 0, 7.37%, 0, 0, 2, 167.20
1522366188, 0, 0, 942, 941, 0, 7.52%, 0, 0, 2, 228.09
1522366193, 0, 0, 1063, 1062, 0, 7.66%, 0, 0, 2, 242.03
1522366198, 0, 0, 1205, 1204, 0, 7.75%, 0, 0, 2, 285.78
1522366203, 0, 0, 1328, 1327, 0, 7.86%, 0, 0, 2, 256.22
1522366209, 0, 0, 1366, 1365, 0, 7.89%, 0, 0, 2, 298.81
1522366214, 0, 0, 1368, 1367, 0, 7.89%, 0, 0, 2, 287.42
1522366224, 0, 0, 1369, 1368, 0, 7.89%, 0, 0, 2, 287.04
1522366229, 0, 39, 1390, 1384, 329, 7.91%, 0, 0, 3, 200.00
1522366234, 0, 46, 1426, 1419, 336, 7.94%, 0, 0, 3, 1525.02
1522366239, 0, 67, 1434, 1426, 335, 7.95%, 0, 0, 3, 1297.54
1522366244, 0, 86, 1465, 1454, 336, 7.98%, 0, 0, 3, 1068.10
1522366249, 0, 100, 1520, 1507, 350, 8.04%, 0, 0, 3, 1471.44
1522366254, 0, 115, 1568, 1552, 359, 8.10%, 0, 0, 3, 953.15
1522366260, 0, 134, 1587, 1570, 359, 8.10%, 0, 0, 3, 922.74
1522366265, 0, 147, 1615, 1596, 352, 8.19%, 0, 0, 3, 1310.48
1522366270, 0, 156, 1647, 1626, 358, 8.27%, 0, 0, 3, 214.29
1522366275, 0, 167, 1695, 1673, 368, 8.35%, 0, 0, 3, 175.65
1522366280, 0, 196, 1708, 1682, 365, 8.40%, 0, 0, 3, 1044.90
1522366285, 0, 202, 1722, 1695, 369, 8.40%, 0, 0, 3, 235.12
1522366290, 0, 213, 1734, 1705, 366, 8.40%, 0, 0, 3, 1379.68
1522366295, 0, 218, 1755, 1724, 367, 8.42%, 0, 0, 3, 1060.55
1522366300, 0, 233, 1765, 1731, 368, 8.42%, 0, 0, 3, 1273.95
1522366305, 0, 250, 1776, 1739, 366, 8.43%, 0, 0, 3, 1345.51
1522366310, 0, 284, 1791, 1750, 364, 8.43%, 0, 0, 3, 1410.89
1522366315, 0, 300, 1794, 1751, 363, 8.43%, 0, 0, 3, 1081.80
1522366321, 0, 321, 1810, 1764, 360, 8.45%, 0, 0, 3, 202.26
1522366326, 0, 343, 1811, 1761, 355, 8.45%, 0, 0, 3, 1422.49
1522366331, 0, 345, 1823, 1771, 353, 8.45%, 0, 0, 3, 1287.76
1522366336, 0, 389, 1824, 1769, 352, 8.45%, 0, 0, 3, 207.68
1522366341, 0, 389, 1847, 1792, 352, 8.46%, 0, 0, 3, 343.71
1522366346, 0, 389, 1865, 1810, 352, 8.46%, 0, 0, 3, 320.89
1522366351, 0, 389, 1869, 1814, 352, 8.46%, 0, 0, 3, 337.01
1522366356, 0, 389, 1883, 1828, 352, 8.47%, 0, 0, 3, 343.47
1522366362, 0, 389, 1891, 1836, 352, 8.47%, 0, 0, 3, 353.59
1522366367, 0, 389, 1904, 1849, 352, 8.47%, 0, 0, 3, 261.48
1522366372, 0, 389, 1922, 1866, 351, 8.48%, 0, 0, 3, 195.38
1522366377, 0, 389, 1939, 1883, 351, 8.48%, 0, 0, 3, 153.88
1522366382, 0, 401, 1940, 1882, 362, 8.48%, 0, 0, 3, 1194.87
1522366387, 0, 405, 1951, 1890, 359, 8.49%, 0, 0, 3, 163.03
1522366392, 0, 416, 1954, 1891, 361, 8.49%, 0, 0, 3, 1279.39
1522366397, 0, 446, 1965, 1898, 358, 8.49%, 0, 0, 3, 1489.31
1522366402, 0, 447, 1969, 1901, 357, 8.50%, 0, 0, 3, 971.94
1522366408, 0, 447, 1971, 1903, 357, 8.50%, 0, 0, 3, 828.62
1522366413, 0, 463, 1979, 1908, 357, 8.50%, 0, 0, 3, 127.59
1522366418, 0, 483, 2010, 1938, 359, 8.62%, 0, 0, 3, 1730.15
1522366423, 0, 495, 2010, 1936, 357, 8.62%, 0, 0, 3, 1225.48
1522366428, 0, 512, 2012, 1936, 355, 8.62%, 0, 0, 3, 722.58
1522366433, 0, 522, 2017, 1939, 353, 8.62%, 0, 0, 3, 961.35
1522366438, 0, 529, 2025, 1944, 352, 8.64%, 0, 0, 3, 1796.20
1522366443, 0, 536, 2027, 1943, 349, 8.64%, 0, 0, 3, 1411.86
1522366448, 0, 546, 2031, 1944, 346, 8.64%, 0, 0, 3, 931.22
1522366453, 0, 553, 2033, 1943, 343, 8.64%, 0, 0, 3, 1074.71
1522366459, 0, 561, 2045, 1953, 342, 8.64%, 0, 0, 3, 1403.90
1522366464, 0, 564, 2055, 1962, 341, 8.64%, 0, 0, 3, 317.88
1522366469, 0, 570, 2056, 1961, 339, 8.64%, 0, 0, 3, 968.65
1522366474, 0, 576, 2072, 1976, 342, 8.68%, 0, 0, 3, 893.11
1522366479, 0, 588, 2078, 1979, 340, 8.68%, 0, 0, 3, 981.24
1522366484, 0, 595, 2093, 1992, 341, 8.70%, 0, 0, 3, 909.07
1522366489, 0, 609, 2097, 1993, 339, 8.71%, 0, 0, 3, 1238.87
1522366494, 0, 618, 2106, 1999, 339, 8.81%, 0, 0, 3, 1386.48
1522366499, 0, 622, 2113, 2003, 336, 8.81%, 0, 0, 3, 1239.69
1522366505, 0, 622, 2120, 2010, 336, 8.82%, 0, 0, 3, 942.55
1522366510, 0, 622, 2134, 2023, 335, 8.82%, 0, 0, 3, 100.69
1522366515, 0, 630, 2141, 2029, 339, 8.82%, 0, 0, 3, 1168.07
1522366520, 0, 634, 2145, 2030, 338, 8.82%, 0, 0, 3, 1053.00
1522366525, 0, 638, 2153, 2035, 336, 8.82%, 0, 0, 3, 1363.76
1522366530, 0, 655, 2159, 2038, 334, 8.83%, 0, 0, 3, 1333.74
1522366535, 0, 663, 2165, 2042, 332, 8.83%, 0, 0, 3, 1141.10
1522366540, 0, 681, 2167, 2042, 330, 8.83%, 0, 0, 3, 1036.53
1522366545, 0, 729, 2183, 2055, 330, 8.83%, 0, 0, 3, 1288.35
1522366550, 0, 729, 2196, 2068, 330, 8.85%, 0, 0, 3, 247.40
1522366555, 0, 743, 2202, 2072, 334, 8.85%, 0, 0, 3, 700.14
1522366560, 0, 745, 2229, 2098, 335, 8.85%, 0, 0, 3, 978.09
1522366565, 0, 778, 2234, 2101, 333, 8.86%, 0, 0, 3, 949.98
1522366570, 0, 812, 2243, 2107, 330, 8.86%, 0, 0, 3, 52.66
1522366576, 0, 819, 2248, 2110, 329, 8.86%, 0, 0, 3, 1484.26
1522366581, 0, 824, 2250, 2110, 327, 8.86%, 0, 0, 3, 1242.66
1522366586, 0, 828, 2254, 2112, 326, 8.86%, 0, 0, 3, 1159.40
1522366591, 0, 841, 2258, 2114, 324, 8.86%, 0, 0, 3, 1271.06
1522366596, 0, 854, 2273, 2126, 322, 8.87%, 0, 0, 3, 1388.74
1522366601, 0, 866, 2274, 2124, 321, 8.87%, 0, 0, 3, 1204.71
1522366606, 0, 895, 2286, 2133, 321, 8.90%, 0, 0, 3, 1187.73
1522366611, 0, 904, 2291, 2136, 321, 8.90%, 0, 0, 3, 972.69
1522366616, 0, 922, 2304, 2146, 318, 8.90%, 0, 0, 3, 1167.12
1522366621, 0, 929, 2307, 2146, 315, 8.90%, 0, 0, 3, 77.14
1522366627, 0, 956, 2308, 2145, 313, 8.90%, 0, 0, 3, 1181.14
1522366632, 0, 961, 2312, 2147, 313, 8.90%, 0, 0, 3, 1182.62
1522366637, 0, 983, 2321, 2153, 310, 8.95%, 0, 0, 3, 1228.48
1522366642, 0, 1009, 2331, 2159, 308, 8.98%, 0, 0, 3, 1300.76
1522366647, 0, 1031, 2332, 2157, 305, 8.98%, 0, 0, 3, 1165.54
1522366652, 0, 1041, 2338, 2161, 303, 8.98%, 0, 0, 3, 1391.54
1522366657, 0, 1055, 2339, 2159, 300, 8.98%, 0, 0, 3, 1179.86
1522366662, 0, 1061, 2344, 2162, 298, 8.98%, 0, 0, 3, 925.06
1522366667, 0, 1078, 2344, 2161, 298, 8.98%, 0, 0, 3, 966.78
1522366673, 0, 1081, 2344, 2159, 296, 8.98%, 0, 0, 3, 7.89
1522366682, 0, 1085, 2351, 2164, 296, 8.99%, 0, 0, 3, 3.77
1522366687, 0, 1106, 2358, 2167, 294, 9.00%, 0, 0, 3, 1364.53
1522366692, 0, 1116, 2358, 2164, 291, 9.00%, 0, 0, 3, 1268.01
1522366697, 0, 1119, 2358, 2163, 290, 9.00%, 0, 0, 3, 1099.01
1522366705, 0, 1119, 2368, 2172, 289, 9.00%, 0, 0, 3, 0.16
1522366710, 0, 1132, 2375, 2177, 289, 9.00%, 0, 0, 3, 1218.67
1522366715, 0, 1144, 2376, 2176, 287, 9.00%, 0, 0, 3, 1054.82
1522366720, 0, 1144, 2391, 2190, 286, 9.00%, 0, 0, 3, 135.00
1522366729, 0, 1147, 2392, 2190, 288, 9.00%, 0, 0, 3, 1.96
1522366734, 0, 1164, 2401, 2195, 288, 9.01%, 0, 0, 3, 1280.00
1522366739, 0, 1166, 2401, 2194, 287, 9.01%, 0, 0, 3, 1205.00
1522366744, 0, 1170, 2402, 2194, 286, 9.01%, 0, 0, 3, 948.03
1522366749, 0, 1176, 2411, 2200, 283, 9.01%, 0, 0, 3, 122.80
1522366754, 0, 1184, 2411, 2200, 283, 9.01%, 0, 0, 3, 1732.57
1522366759, 0, 1200, 2412, 2198, 280, 9.01%, 0, 0, 3, 1376.70
1522366764, 0, 1206, 2420, 2204, 282, 9.01%, 0, 0, 3, 1011.87
1522366770, 0, 1215, 2420, 2203, 281, 9.01%, 0, 0, 3, 0.39
1522366775, 0, 1224, 2420, 2201, 280, 9.01%, 0, 0, 3, 11.24
1522366783, 0, 1232, 2422, 2202, 279, 9.01%, 0, 0, 3, 1.50
1522366788, 0, 1242, 2440, 2218, 278, 9.02%, 0, 0, 3, 1041.25
1522366793, 0, 1242, 2452, 2230, 278, 9.09%, 0, 0, 3, 1265.35
1522366798, 0, 1257, 2452, 2228, 284, 9.09%, 0, 0, 3, 1311.23
1522366804, 0, 1261, 2453, 2228, 283, 9.09%, 0, 0, 3, 3.59
1522366809, 0, 1263, 2467, 2241, 285, 9.11%, 0, 0, 3, 32.42
1522366814, 0, 1273, 2467, 2238, 282, 9.11%, 0, 0, 3, 1247.67
1522366819, 0, 1283, 2478, 2247, 280, 9.11%, 0, 0, 3, 979.16
1522366828, 0, 1289, 2482, 2249, 278, 9.11%, 0, 0, 3, 1.68
1522366835, 0, 1296, 2482, 2247, 276, 9.11%, 0, 0, 3, 7.16
1522366840, 0, 1311, 2491, 2252, 276, 9.13%, 0, 0, 3, 1485.97
1522366845, 0, 1319, 2494, 2253, 274, 9.13%, 0, 0, 3, 1373.67
1522366851, 0, 1323, 2496, 2254, 273, 9.13%, 0, 0, 3, 0.83
1522366862, 0, 1330, 2496, 2252, 271, 9.13%, 0, 0, 3, 3.42
1522366867, 0, 1335, 2503, 2257, 270, 9.14%, 0, 0, 3, 100.26
1522366872, 0, 1358, 2507, 2259, 271, 9.14%, 0, 0, 3, 1117.16
1522366877, 0, 1359, 2507, 2258, 271, 9.14%, 0, 0, 3, 10.20
1522366890, 0, 1379, 2507, 2257, 270, 9.14%, 0, 0, 3, 0.10
1522366895, 0, 1385, 2516, 2264, 270, 9.17%, 0, 0, 3, 972.22
1522366900, 0, 1396, 2516, 2261, 267, 9.17%, 0, 0, 3, 961.84
1522366908, 0, 1398, 2522, 2266, 267, 9.18%, 0, 0, 3, 5.95
1522366913, 0, 1402, 2522, 2264, 265, 9.18%, 0, 0, 3, 47.93
1522366922, 0, 1425, 2522, 2262, 263, 9.18%, 0, 0, 3, 2.70
1522366927, 0, 1428, 2535, 2274, 264, 9.19%, 0, 0, 4, 1161.23
1522366932, 0, 1438, 2537, 2273, 261, 9.19%, 0, 0, 4, 904.16
1522366938, 0, 1438, 2545, 2281, 261, 9.20%, 0, 0, 4, 2.71
1522366945, 0, 1438, 2549, 2285, 261, 9.20%, 0, 0, 4, 4.02
1522366950, 0, 1439, 2559, 2294, 265, 9.21%, 0, 0, 4, 950.16
1522366955, 0, 1443, 2576, 2310, 267, 9.22%, 0, 0, 4, 889.22
1522366960, 0, 1461, 2577, 2309, 265, 9.22%, 0, 0, 4, 824.10
1522366968, 0, 1461, 2579, 2311, 265, 9.22%, 0, 0, 4, 2.01
1522366974, 0, 1476, 2593, 2322, 266, 9.25%, 0, 0, 4, 14.04
1522366979, 0, 1477, 2596, 2324, 266, 9.25%, 0, 0, 4, 478.16
1522366984, 0, 1497, 2597, 2323, 264, 9.25%, 0, 0, 4, 950.00
1522366991, 0, 1506, 2598, 2323, 263, 9.25%, 0, 0, 4, 0.73
1522366998, 0, 1515, 2607, 2330, 265, 9.26%, 0, 0, 4, 5.87
1522367003, 0, 1519, 2611, 2331, 262, 9.26%, 0, 0, 4, 1295.24
1522367008, 0, 1521, 2618, 2337, 263, 9.26%, 0, 0, 4, 18.78
1522367016, 0, 1521, 2625, 2344, 263, 9.27%, 0, 0, 4, 4.45
1522367021, 0, 1521, 2626, 2345, 263, 9.28%, 0, 0, 4, 782.00
1522367026, 0, 1532, 2628, 2346, 266, 9.28%, 0, 0, 4, 1355.00
1522367036, 0, 1534, 2628, 2345, 265, 9.28%, 0, 0, 4, 3.08
1522367046, 0, 1538, 2628, 2343, 263, 9.28%, 0, 0, 4, 0.88
1522367051, 0, 1542, 2665, 2379, 266, 9.29%, 0, 0, 4, 409.48
1522367056, 0, 1544, 2666, 2379, 265, 9.29%, 0, 0, 4, 600.84
1522367061, 0, 1546, 2674, 2386, 264, 9.29%, 0, 0, 4, 514.14
1522367066, 0, 1546, 2678, 2390, 264, 9.29%, 0, 0, 4, 791.45
1522367073, 0, 1546, 2679, 2391, 264, 9.29%, 0, 0, 4, 3.20
1522367079, 0, 1546, 2680, 2392, 264, 9.29%, 0, 0, 4, 6.72
1522367084, 0, 1546, 2685, 2397, 264, 9.29%, 0, 0, 4, 178.56
1522367089, 0, 1557, 2686, 2396, 263, 9.29%, 0, 0, 4, 395.83
1522367097, 0, 1557, 2691, 2401, 263, 9.29%, 0, 0, 4, 2.12
1522367104, 0, 1557, 2694, 2403, 262, 9.29%, 0, 0, 4, 0.18
1522367109, 0, 1558, 2715, 2424, 269, 9.30%, 0, 0, 4, 413.49
1522367114, 0, 1565, 2717, 2424, 267, 9.30%, 0, 0, 4, 458.87
1522367120, 0, 1569, 2718, 2424, 268, 9.30%, 0, 0, 4, 1.17
1522367129, 0, 1580, 2719, 2424, 267, 9.30%, 0, 0, 4, 2.53
1522367134, 0, 1587, 2737, 2440, 269, 9.34%, 0, 0, 4, 930.40
1522367139, 0, 1600, 2756, 2455, 270, 9.36%, 0, 0, 4, 1164.18
1522367144, 0, 1613, 2765, 2459, 268, 9.36%, 0, 0, 4, 1515.98
1522367149, 0, 1615, 2765, 2458, 268, 9.36%, 0, 0, 4, 1319.65
1522367157, 0, 1616, 2767, 2459, 267, 9.37%, 0, 0, 4, 3.81
1522367162, 0, 1617, 2783, 2474, 268, 9.40%, 0, 0, 4, 1432.58
1522367167, 0, 1622, 2801, 2489, 278, 9.41%, 0, 0, 4, 1160.12
1522367175, 0, 1635, 2801, 2488, 277, 9.41%, 0, 0, 4, 1.02
1522367206, 0, 1637, 2801, 2487, 275, 9.41%, 0, 0, 4, 0.28
1522367211, 0, 1641, 2806, 2490, 274, 9.42%, 0, 0, 4, 103.00
1522367216, 0, 1652, 2827, 2511, 278, 9.47%, 0, 0, 4, 132.17
1522367233, 0, 1655, 2827, 2510, 277, 9.47%, 0, 0, 4, 8.03
1522367238, 0, 1673, 2827, 2507, 275, 9.47%, 0, 0, 4, 532.16
1522367250, 0, 1681, 2836, 2515, 278, 9.48%, 0, 0, 4, 2.42
1522367261, 0, 1699, 2837, 2514, 275, 9.48%, 0, 0, 4, 1069.48
1522367266, 0, 1703, 2837, 2512, 273, 9.48%, 0, 0, 4, 1129.23
1522367271, 0, 1706, 2853, 2527, 278, 9.50%, 0, 0, 4, 370.00
1522367284, 0, 1708, 2854, 2527, 278, 9.50%, 0, 0, 4, 700.74
1522367289, 0, 1736, 2855, 2525, 275, 9.50%, 0, 0, 4, 1050.55
1522367294, 0, 1737, 2862, 2531, 275, 9.51%, 0, 0, 4, 1560.47
1522367299, 0, 1769, 2864, 2532, 274, 9.51%, 0, 0, 4, 178.92
1522367321, 0, 1770, 2866, 2533, 274, 9.51%, 0, 0, 4, 2.00
1522367338, 0, 1779, 2866, 2531, 272, 9.51%, 0, 0, 4, 2.03
1522367350, 0, 1779, 2877, 2541, 271, 9.51%, 0, 0, 4, 197.23
1522367355, 0, 1802, 2885, 2548, 272, 9.52%, 0, 0, 4, 1067.91
1522367363, 0, 1803, 2885, 2547, 272, 9.52%, 0, 0, 4, 1.25
1522367369, 0, 1820, 2886, 2547, 271, 9.53%, 0, 0, 4, 1.61
1522367375, 0, 1827, 2895, 2554, 272, 9.53%, 0, 0, 4, 18.54
1522367380, 0, 1838, 2895, 2552, 270, 9.53%, 0, 0, 4, 340.17
1522367392, 0, 1839, 2895, 2551, 269, 9.53%, 0, 0, 4, 0.24
1522367409, 0, 1839, 2896, 2552, 269, 9.53%, 0, 0, 4, 407.15
1522367414, 0, 1844, 2897, 2552, 269, 9.53%, 0, 0, 4, 116.93
1522367419, 0, 1844, 2899, 2553, 268, 9.53%, 0, 0, 4, 232.55
