# unix_time, cycles_done, cur_path, paths_total, pending_total, pending_favs, map_size, unique_crashes, unique_hangs, max_depth, execs_per_sec
1522775042, 0, 0, 1, 1, 1, 3.88%, 0, 0, 1, 177.78
1522775047, 0, 0, 137, 137, 1, 5.31%, 0, 0, 2, 675.02
1522775052, 0, 0, 247, 247, 1, 5.66%, 0, 0, 2, 459.12
1522775057, 0, 0, 328, 328, 1, 6.23%, 0, 0, 2, 471.12
1522775062, 0, 0, 392, 392, 1, 6.34%, 0, 0, 2, 510.56
1522775067, 0, 0, 449, 449, 1, 6.45%, 0, 0, 2, 529.70
1522775072, 0, 0, 510, 510, 1, 6.53%, 0, 0, 2, 497.22
1522775078, 0, 0, 589, 588, 0, 6.81%, 0, 0, 2, 307.94
1522775083, 0, 0, 675, 674, 0, 7.25%, 0, 0, 2, 214.47
1522775088, 0, 0, 768, 767, 0, 7.37%, 0, 0, 2, 182.23
1522775093, 0, 0, 855, 854, 0, 7.45%, 0, 0, 2, 179.77
1522775098, 0, 0, 945, 944, 0, 7.59%, 0, 0, 2, 179.82
1522775103, 0, 0, 1034, 1033, 0, 7.65%, 0, 0, 2, 174.85
1522775108, 0, 0, 1119, 1118, 0, 7.73%, 0, 0, 2, 176.89
1522775113, 0, 0, 1206, 1205, 0, 7.78%, 0, 0, 2, 178.18
1522775118, 0, 0, 1281, 1280, 0, 7.89%, 0, 0, 2, 164.07
1522775123, 0, 0, 1314, 1313, 0, 7.96%, 0, 0, 2, 166.41
1522775128, 0, 0, 1337, 1336, 0, 7.96%, 0, 0, 2, 161.33
1522775133, 0, 0, 1355, 1354, 0, 7.97%, 0, 0, 2, 160.50
1522775139, 0, 0, 1375, 1374, 0, 7.98%, 0, 0, 2, 191.04
1522775144, 0, 0, 1404, 1403, 0, 8.00%, 0, 0, 2, 253.72
1522775149, 0, 0, 1407, 1406, 0, 8.00%, 0, 0, 2, 282.05
1522775154, 0, 9, 1411, 1409, 344, 8.00%, 0, 0, 3, 181.05
1522775159, 0, 9, 1428, 1426, 344, 8.00%, 0, 0, 3, 176.74
1522775164, 0, 22, 1441, 1436, 344, 8.00%, 0, 0, 3, 644.49
1522775170, 0, 22, 1456, 1451, 344, 8.00%, 0, 0, 3, 3.68
1522775175, 0, 22, 1470, 1464, 343, 8.02%, 0, 0, 3, 0.50
1522775183, 0, 22, 1478, 1472, 343, 8.02%, 0, 0, 3, 0.16
1522775188, 0, 22, 1526, 1520, 343, 8.02%, 0, 0, 3, 97.62
1522775195, 0, 22, 1540, 1534, 343, 8.03%, 0, 0, 3, 0.77
1522775202, 0, 22, 1544, 1538, 343, 8.03%, 0, 0, 3, 0.79
1522775211, 0, 22, 1563, 1557, 343, 8.09%, 0, 0, 3, 0.42
1522775216, 0, 22, 1592, 1586, 343, 8.10%, 0, 0, 3, 125.09
1522775221, 0, 22, 1603, 1597, 343, 8.11%, 0, 0, 3, 91.15
1522775234, 0, 22, 1609, 1603, 343, 8.12%, 0, 0, 3, 0.12
1522775239, 0, 61, 1611, 1601, 342, 8.12%, 0, 0, 3, 1034.48
1522775244, 0, 61, 1620, 1609, 341, 8.13%, 0, 0, 3, 154.23
1522775249, 0, 61, 1651, 1640, 341, 8.16%, 0, 0, 3, 298.51
1522775257, 0, 71, 1651, 1639, 347, 8.16%, 0, 0, 3, 4.61
1522775262, 0, 71, 1666, 1654, 347, 8.17%, 0, 0, 3, 218.55
1522775267, 0, 73, 1675, 1662, 347, 8.17%, 0, 0, 3, 686.44
1522775273, 0, 88, 1677, 1662, 345, 8.18%, 0, 0, 3, 4.14
1522775285, 0, 88, 1729, 1713, 344, 8.26%, 0, 0, 3, 0.13
1522775291, 0, 91, 1755, 1739, 359, 8.27%, 0, 0, 3, 1.78
1522775296, 0, 103, 1761, 1744, 358, 8.28%, 0, 0, 3, 1256.93
1522775301, 0, 103, 1765, 1748, 358, 8.29%, 0, 0, 3, 16.42
1522775307, 0, 105, 1768, 1750, 363, 8.29%, 0, 0, 3, 7.04
1522775312, 0, 109, 1774, 1753, 360, 8.29%, 0, 0, 3, 197.09
1522775317, 0, 117, 1807, 1785, 359, 8.33%, 0, 0, 3, 1343.77
1522775328, 0, 135, 1810, 1785, 358, 8.33%, 0, 0, 3, 1074.98
1522775333, 0, 135, 1879, 1853, 357, 8.40%, 0, 0, 3, 90.92
1522775338, 0, 135, 1907, 1881, 357, 8.40%, 0, 0, 3, 163.49
1522775345, 0, 135, 1910, 1884, 357, 8.40%, 0, 0, 3, 0.46
1522775350, 0, 137, 1914, 1888, 355, 8.41%, 0, 0, 3, 1.99
1522775360, 0, 137, 1916, 1890, 355, 8.41%, 0, 0, 3, 0.91
1522775365, 0, 161, 1919, 1891, 354, 8.41%, 0, 0, 3, 714.99
1522775370, 0, 162, 1923, 1894, 353, 8.41%, 0, 0, 3, 1027.66
1522775378, 0, 165, 1925, 1894, 351, 8.41%, 0, 0, 3, 2.13
1522775385, 0, 165, 1949, 1918, 351, 8.42%, 0, 0, 3, 0.87
1522775390, 0, 165, 2012, 1981, 351, 8.50%, 0, 0, 3, 188.37
1522775395, 0, 171, 2019, 1987, 371, 8.50%, 0, 0, 3, 967.52
1522775403, 0, 201, 2019, 1986, 370, 8.50%, 0, 0, 3, 1.91
1522775414, 0, 204, 2019, 1985, 369, 8.50%, 0, 0, 3, 2.64
1522775419, 0, 221, 2033, 1996, 365, 8.50%, 0, 0, 3, 1559.27
1522775424, 0, 223, 2037, 1998, 363, 8.50%, 0, 0, 3, 1138.59
1522775440, 0, 244, 2040, 2000, 364, 8.51%, 0, 0, 3, 0.13
1522775445, 0, 244, 2066, 2025, 363, 8.51%, 0, 0, 3, 64.93
1522775450, 0, 276, 2069, 2026, 359, 8.51%, 0, 0, 3, 947.54
1522775455, 0, 287, 2069, 2025, 358, 8.51%, 0, 0, 3, 1212.38
1522775461, 0, 291, 2073, 2027, 356, 8.51%, 0, 0, 3, 1.42
1522775466, 0, 305, 2089, 2043, 356, 8.51%, 0, 0, 3, 1198.79
1522775471, 0, 309, 2109, 2062, 355, 8.55%, 0, 0, 3, 1186.18
1522775477, 0, 323, 2111, 2063, 361, 8.59%, 0, 0, 3, 0.36
1522775487, 0, 328, 2112, 2062, 360, 8.59%, 0, 0, 3, 1.47
1522775492, 0, 329, 2151, 2100, 364, 8.73%, 0, 0, 3, 1535.69
1522775497, 0, 354, 2152, 2097, 360, 8.73%, 0, 0, 3, 1202.78
1522775502, 0, 354, 2166, 2110, 359, 8.81%, 0, 0, 3, 77.37
1522775509, 0, 354, 2167, 2111, 359, 8.81%, 0, 0, 3, 0.15
1522775514, 0, 372, 2171, 2115, 363, 8.82%, 0, 0, 3, 7.36
1522775523, 0, 375, 2172, 2115, 362, 8.82%, 0, 0, 3, 1.08
1522775528, 0, 428, 2173, 2113, 359, 8.82%, 0, 0, 3, 665.30
1522775533, 0, 431, 2188, 2127, 354, 8.92%, 0, 0, 3, 1068.93
1522775538, 0, 465, 2190, 2127, 352, 8.92%, 0, 0, 3, 1582.68
1522775543, 0, 482, 2193, 2129, 351, 8.92%, 0, 0, 3, 235.13
1522775548, 0, 485, 2211, 2145, 350, 8.93%, 0, 0, 3, 91.81
1522775553, 0, 515, 2217, 2149, 345, 8.93%, 0, 0, 3, 1173.99
1522775558, 0, 518, 2217, 2148, 344, 8.93%, 0, 0, 3, 745.21
1522775564, 0, 526, 2226, 2155, 342, 8.93%, 0, 0, 3, 83.68
1522775574, 0, 527, 2232, 2161, 344, 8.93%, 0, 0, 3, 0.12
1522775582, 0, 538, 2232, 2159, 342, 8.93%, 0, 0, 3, 3.79
1522775592, 0, 542, 2233, 2159, 341, 8.93%, 0, 0, 3, 0.61
1522775597, 0, 552, 2251, 2175, 339, 8.94%, 0, 0, 3, 75.86
1522775604, 0, 560, 2254, 2177, 337, 8.94%, 0, 0, 3, 4.88
1522775612, 0, 564, 2254, 2176, 336, 8.94%, 0, 0, 3, 4.62
1522775626, 0, 572, 2264, 2183, 333, 8.94%, 0, 0, 3, 92.65
1522775631, 0, 591, 2267, 2184, 332, 8.94%, 0, 0, 3, 983.66
1522775649, 0, 593, 2267, 2183, 331, 8.94%, 0, 0, 3, 1.32
1522775654, 0, 599, 2268, 2183, 330, 8.94%, 0, 0, 3, 782.55
1522775659, 0, 600, 2285, 2199, 332, 8.98%, 0, 0, 3, 1190.48
1522775667, 0, 611, 2285, 2198, 331, 8.98%, 0, 0, 3, 1.57
1522775676, 0, 613, 2285, 2197, 330, 8.98%, 0, 0, 3, 0.68
1522775688, 0, 651, 2287, 2197, 328, 8.98%, 0, 0, 3, 1.81
1522775698, 0, 651, 2290, 2200, 328, 8.98%, 0, 0, 3, 267.15
1522775706, 0, 651, 2293, 2203, 328, 8.98%, 0, 0, 3, 1.80
1522775714, 0, 651, 2298, 2208, 328, 8.99%, 0, 0, 3, 0.78
1522775719, 0, 651, 2306, 2216, 328, 8.99%, 0, 0, 3, 219.68
1522775724, 0, 651, 2312, 2222, 328, 9.00%, 0, 0, 3, 200.69
1522775729, 0, 651, 2313, 2223, 328, 9.00%, 0, 0, 3, 215.99
1522775734, 0, 651, 2315, 2225, 328, 9.00%, 0, 0, 3, 157.64
1522775741, 0, 651, 2316, 2226, 328, 9.00%, 0, 0, 3, 0.75
1522775746, 0, 651, 2318, 2228, 328, 9.00%, 0, 0, 3, 6.60
1522775751, 0, 651, 2319, 2229, 328, 9.00%, 0, 0, 3, 220.57
1522775761, 0, 651, 2323, 2233, 328, 9.01%, 0, 0, 3, 0.69
1522775766, 0, 651, 2328, 2238, 328, 9.01%, 0, 0, 3, 211.95
1522775771, 0, 651, 2384, 2293, 327, 9.11%, 0, 0, 3, 2.54
1522775777, 0, 651, 2419, 2328, 327, 9.12%, 0, 0, 3, 0.00
1522775782, 0, 651, 2434, 2343, 327, 9.13%, 0, 0, 3, 158.21
1522775794, 0, 657, 2435, 2343, 365, 9.13%, 0, 0, 3, 3.31
1522775799, 0, 667, 2436, 2342, 363, 9.13%, 0, 0, 3, 1205.99
1522775809, 0, 675, 2444, 2348, 364, 9.16%, 0, 0, 3, 3.88
1522775816, 0, 701, 2444, 2347, 363, 9.16%, 0, 0, 3, 4.60
1522775823, 0, 701, 2445, 2348, 363, 9.16%, 0, 0, 3, 4.17
1522775829, 0, 713, 2446, 2347, 362, 9.19%, 0, 0, 3, 3.82
1522775834, 0, 718, 2465, 2364, 360, 9.20%, 0, 0, 3, 179.23
1522775839, 0, 755, 2477, 2376, 359, 9.20%, 0, 0, 3, 1568.46
1522775851, 0, 766, 2477, 2375, 358, 9.20%, 0, 0, 3, 0.11
1522775862, 0, 822, 2477, 2373, 356, 9.20%, 0, 0, 3, 1.79
1522775871, 0, 826, 2477, 2372, 356, 9.20%, 0, 0, 3, 0.72
1522775877, 0, 826, 2478, 2373, 356, 9.20%, 0, 0, 3, 1.17
1522775882, 0, 826, 2499, 2393, 355, 9.21%, 0, 0, 3, 183.48
1522775889, 0, 833, 2502, 2396, 358, 9.25%, 0, 0, 3, 0.37
1522775916, 0, 835, 2503, 2396, 358, 9.25%, 0, 0, 3, 0.38
1522775926, 0, 835, 2504, 2397, 358, 9.25%, 0, 0, 3, 228.37
1522775939, 0, 835, 2512, 2405, 358, 9.25%, 0, 0, 3, 0.37
1522775954, 0, 856, 2513, 2405, 357, 9.25%, 0, 0, 3, 2.89
1522775961, 0, 861, 2513, 2404, 356, 9.25%, 0, 0, 3, 1.78
1522775966, 0, 861, 2515, 2406, 356, 9.25%, 0, 0, 3, 221.00
1522775971, 0, 883, 2515, 2405, 355, 9.25%, 0, 0, 3, 223.21
1522775996, 0, 883, 2516, 2406, 355, 9.25%, 0, 0, 3, 183.77
1522776001, 0, 883, 2525, 2415, 355, 9.25%, 0, 0, 3, 175.41
1522776006, 0, 883, 2528, 2418, 355, 9.25%, 0, 0, 3, 139.98
1522776024, 0, 883, 2530, 2419, 354, 9.28%, 0, 0, 3, 0.41
1522776029, 0, 883, 2592, 2481, 354, 9.34%, 0, 0, 3, 141.73
1522776037, 0, 883, 2609, 2498, 354, 9.35%, 0, 0, 3, 0.49
1522776049, 0, 891, 2610, 2499, 361, 9.35%, 0, 0, 3, 0.09
1522776060, 0, 901, 2611, 2499, 360, 9.35%, 0, 0, 3, 1.14
1522776066, 0, 901, 2612, 2500, 360, 9.35%, 0, 0, 3, 1.92
1522776071, 0, 906, 2613, 2498, 356, 9.36%, 0, 0, 3, 1159.98
1522776076, 0, 906, 2626, 2510, 355, 9.36%, 0, 0, 3, 119.10
1522776085, 0, 906, 2649, 2533, 355, 9.38%, 0, 0, 3, 0.29
1522776090, 0, 927, 2663, 2545, 370, 9.43%, 0, 0, 3, 911.82
1522776096, 0, 946, 2663, 2544, 369, 9.43%, 0, 0, 3, 4.47
1522776110, 0, 954, 2671, 2550, 367, 9.45%, 0, 0, 3, 127.36
1522776116, 0, 964, 2677, 2556, 371, 9.45%, 0, 0, 3, 1111.35
1522776125, 0, 989, 2677, 2554, 369, 9.45%, 0, 0, 3, 2.99
1522776130, 0, 990, 2678, 2554, 368, 9.45%, 0, 0, 3, 954.60
1522776135, 0, 1012, 2702, 2575, 366, 9.45%, 0, 0, 3, 153.56
1522776172, 0, 1027, 2702, 2574, 365, 9.45%, 0, 0, 3, 156.43
1522776199, 0, 1050, 2704, 2574, 364, 9.45%, 0, 0, 3, 1199.70
1522776204, 0, 1050, 2742, 2611, 363, 9.48%, 0, 0, 3, 149.40
1522776213, 0, 1056, 2744, 2613, 373, 9.50%, 0, 0, 3, 1.05
1522776221, 0, 1068, 2745, 2613, 372, 9.50%, 0, 0, 3, 0.62
1522776226, 0, 1079, 2746, 2611, 370, 9.50%, 0, 0, 3, 1028.26
1522776231, 0, 1080, 2759, 2623, 371, 9.50%, 0, 0, 3, 345.62
1522776241, 0, 1084, 2759, 2622, 370, 9.50%, 0, 0, 3, 1.65
1522776246, 0, 1135, 2759, 2619, 366, 9.50%, 0, 0, 3, 1012.34
1522776254, 0, 1155, 2777, 2635, 364, 9.51%, 0, 0, 3, 5.21
1522776260, 0, 1207, 2777, 2632, 361, 9.51%, 0, 0, 3, 1123.65
1522776266, 0, 1212, 2787, 2641, 360, 9.53%, 0, 0, 3, 4.61
1522776276, 0, 1220, 2787, 2640, 359, 9.53%, 0, 0, 3, 1.37
1522776281, 0, 1232, 2787, 2638, 358, 9.53%, 0, 0, 3, 1133.87
1522776288, 0, 1239, 2791, 2640, 356, 9.54%, 0, 0, 3, 0.00
1522776300, 0, 1239, 2800, 2649, 356, 9.55%, 0, 0, 3, 0.18
1522776305, 0, 1297, 2804, 2651, 355, 9.56%, 0, 0, 3, 1007.71
1522776310, 0, 1313, 2804, 2650, 354, 9.56%, 0, 0, 3, 877.76
1522776319, 0, 1313, 2805, 2651, 354, 9.56%, 0, 0, 3, 0.94
1522776324, 0, 1351, 2818, 2662, 355, 9.56%, 0, 0, 3, 601.19
1522776329, 0, 1370, 2819, 2661, 353, 9.57%, 0, 0, 3, 947.99
1522776346, 0, 1380, 2820, 2661, 352, 9.57%, 0, 0, 3, 2.18
1522776355, 0, 1382, 2820, 2660, 351, 9.57%, 0, 0, 3, 0.16
1522776360, 0, 1382, 2834, 2673, 350, 9.58%, 0, 0, 3, 95.95
1522776368, 0, 1391, 2837, 2676, 349, 9.58%, 0, 0, 3, 4.07
1522776379, 0, 1401, 2837, 2674, 347, 9.58%, 0, 0, 3, 907.60
1522776386, 0, 1459, 2837, 2673, 346, 9.58%, 0, 0, 3, 5.44
1522776392, 0, 1461, 2837, 2672, 345, 9.58%, 0, 0, 3, 5.29
1522776397, 0, 1475, 2857, 2690, 342, 9.61%, 0, 0, 3, 904.38
1522776410, 0, 1497, 2857, 2689, 341, 9.61%, 0, 0, 3, 1.75
1522776415, 0, 1508, 2857, 2687, 339, 9.61%, 0, 0, 3, 643.46
1522776420, 0, 1526, 2869, 2698, 339, 9.61%, 0, 0, 3, 787.61
1522776430, 0, 1543, 2869, 2696, 338, 9.61%, 0, 0, 3, 2.27
1522776451, 0, 1551, 2869, 2695, 337, 9.61%, 0, 0, 3, 2.63
1522776456, 0, 1564, 2919, 2743, 336, 9.75%, 0, 0, 3, 602.89
1522776462, 0, 1568, 2923, 2747, 366, 9.78%, 0, 0, 3, 12.62
1522776479, 0, 1569, 2923, 2746, 365, 9.78%, 0, 0, 3, 0.31
1522776495, 0, 1572, 2923, 2745, 364, 9.78%, 0, 0, 3, 0.98
1522776500, 0, 1585, 2928, 2747, 361, 9.78%, 0, 0, 3, 177.34
1522776505, 0, 1593, 2948, 2767, 363, 9.80%, 0, 0, 3, 1285.00
1522776516, 0, 1614, 2949, 2766, 362, 9.80%, 0, 0, 4, 1.70
1522776529, 0, 1620, 2950, 2766, 361, 9.80%, 0, 0, 4, 2.33
1522776534, 0, 1622, 2951, 2766, 360, 9.80%, 0, 0, 4, 908.11
1522776548, 0, 1622, 2964, 2778, 359, 9.81%, 0, 0, 4, 0.20
1522776553, 0, 1677, 2974, 2786, 360, 9.81%, 0, 0, 4, 853.41
1522776564, 0, 1678, 2974, 2785, 359, 9.81%, 0, 0, 4, 664.33
1522776574, 0, 1679, 2974, 2784, 358, 9.81%, 0, 0, 4, 3.75
1522776579, 0, 1681, 2983, 2792, 359, 9.82%, 0, 0, 4, 1217.25
1522776596, 0, 1683, 2983, 2791, 358, 9.82%, 0, 0, 4, 2.88
1522776602, 0, 1690, 2983, 2790, 357, 9.82%, 0, 0, 4, 0.71
1522776617, 0, 1691, 2983, 2789, 356, 9.82%, 0, 0, 4, 1.38
1522776622, 0, 1693, 2998, 2802, 358, 9.82%, 0, 0, 4, 29.95
1522776629, 0, 1698, 2998, 2801, 357, 9.82%, 0, 0, 4, 5.74
1522776636, 0, 1703, 2998, 2799, 355, 9.82%, 0, 0, 4, 6.74
1522776656, 0, 1704, 2998, 2798, 354, 9.82%, 0, 0, 4, 0.45
1522776661, 0, 1711, 3014, 2812, 356, 9.85%, 0, 0, 4, 869.52
1522776678, 0, 1716, 3015, 2811, 354, 9.85%, 0, 0, 4, 1.64
1522776697, 0, 1726, 3018, 2812, 352, 9.85%, 0, 0, 4, 3.88
1522776703, 0, 1743, 3019, 2811, 350, 9.85%, 0, 0, 4, 14.57
1522776709, 0, 1758, 3019, 2809, 348, 9.85%, 0, 0, 4, 9.66
1522776714, 0, 1761, 3027, 2815, 347, 9.86%, 0, 0, 4, 1160.41
1522776719, 0, 1762, 3027, 2814, 346, 9.86%, 0, 0, 4, 961.05
1522776737, 0, 1764, 3027, 2813, 345, 9.86%, 0, 0, 4, 0.70
1522776742, 0, 1776, 3038, 2821, 341, 9.86%, 0, 0, 4, 1389.46
1522776748, 0, 1780, 3038, 2820, 340, 9.86%, 0, 0, 4, 5.58
1522776755, 0, 1782, 3038, 2819, 339, 9.86%, 0, 0, 4, 3.53
1522776760, 0, 1790, 3043, 2822, 339, 9.86%, 0, 0, 4, 1084.92
1522776766, 0, 1792, 3043, 2821, 338, 9.86%, 0, 0, 4, 5.53
1522776771, 0, 1798, 3043, 2820, 337, 9.86%, 0, 0, 4, 1233.73
1522776786, 0, 1800, 3043, 2818, 335, 9.86%, 0, 0, 4, 939.98
1522776794, 0, 1804, 3061, 2835, 337, 9.87%, 0, 0, 4, 6.05
1522776799, 0, 1813, 3061, 2834, 336, 9.87%, 0, 0, 4, 4.06
1522776828, 0, 1813, 3062, 2835, 336, 9.87%, 0, 0, 4, 222.99
1522776838, 0, 1827, 3062, 2834, 336, 9.87%, 0, 0, 4, 1.32
1522776845, 0, 1827, 3063, 2835, 336, 9.87%, 0, 0, 4, 1.01
1522776852, 0, 1871, 3063, 2833, 335, 9.87%, 0, 0, 4, 3.76
1522776858, 0, 1876, 3084, 2853, 338, 9.88%, 0, 0, 4, 0.48
1522776865, 0, 1885, 3086, 2853, 338, 9.89%, 0, 0, 4, 6.82
1522776870, 0, 1894, 3086, 2851, 336, 9.89%, 0, 0, 4, 3.98
1522776891, 0, 1896, 3091, 2855, 335, 9.89%, 0, 0, 4, 2.24
1522776896, 0, 1916, 3091, 2852, 332, 9.89%, 0, 0, 4, 868.72
1522776902, 0, 1922, 3091, 2851, 331, 9.89%, 0, 0, 4, 5.41
1522776916, 0, 1927, 3102, 2861, 333, 9.90%, 0, 0, 4, 2.51
1522776921, 0, 1929, 3102, 2860, 332, 9.90%, 0, 0, 4, 143.32
1522776948, 0, 1929, 3104, 2862, 332, 9.90%, 0, 0, 4, 0.80
1522776967, 0, 1934, 3104, 2861, 331, 9.90%, 0, 0, 4, 1.50
1522776997, 0, 1935, 3105, 2861, 330, 9.90%, 0, 0, 4, 0.10
1522777002, 0, 1935, 3107, 2863, 330, 9.90%, 0, 0, 4, 53.03
1522777018, 0, 1942, 3148, 2902, 341, 10.01%, 0, 0, 4, 0.68
1522777038, 0, 1951, 3149, 2902, 340, 10.01%, 0, 0, 4, 588.02
1522777055, 0, 1953, 3149, 2901, 339, 10.01%, 0, 0, 4, 0.12
1522777071, 0, 1955, 3149, 2900, 338, 10.01%, 0, 0, 4, 447.10
1522777095, 0, 1957, 3175, 2924, 336, 10.03%, 0, 0, 4, 0.79
1522777100, 0, 1988, 3207, 2955, 341, 10.06%, 0, 0, 4, 80.32
1522777131, 0, 1990, 3207, 2954, 340, 10.06%, 0, 0, 4, 290.02
1522777137, 0, 1990, 3208, 2955, 340, 10.06%, 0, 0, 4, 1.07
1522777144, 0, 1990, 3209, 2956, 340, 10.06%, 0, 0, 4, 0.91
1522777151, 0, 1997, 3209, 2955, 341, 10.06%, 0, 0, 4, 0.39
1522777158, 0, 2005, 3229, 2973, 339, 10.06%, 0, 0, 4, 0.36
1522777166, 0, 2016, 3230, 2971, 336, 10.06%, 0, 0, 4, 5.55
1522777171, 0, 2026, 3242, 2981, 338, 10.07%, 0, 0, 4, 634.02
1522777189, 0, 2029, 3242, 2979, 336, 10.07%, 0, 0, 4, 1.23
1522777194, 0, 2035, 3243, 2979, 335, 10.07%, 0, 0, 4, 577.11
1522777199, 0, 2066, 3251, 2985, 333, 10.08%, 0, 0, 4, 161.29
1522777206, 0, 2068, 3273, 3007, 339, 10.08%, 0, 0, 4, 5.89
1522777215, 0, 2105, 3277, 3006, 334, 10.09%, 0, 0, 4, 0.39
1522777220, 0, 2127, 3278, 3003, 332, 10.09%, 0, 0, 4, 1037.40
1522777226, 0, 2143, 3278, 3000, 329, 10.09%, 0, 0, 4, 998.18
1522777231, 0, 2145, 3278, 2999, 328, 10.09%, 0, 0, 4, 4.56
1522777248, 0, 2146, 3278, 2998, 327, 10.09%, 0, 0, 4, 2.46
1522777264, 0, 2155, 3300, 3015, 326, 10.11%, 0, 0, 4, 804.02
1522777271, 0, 2161, 3301, 3015, 325, 10.11%, 0, 0, 4, 0.49
1522777276, 0, 2166, 3301, 3014, 324, 10.11%, 0, 0, 4, 1282.73
1522777299, 0, 2176, 3301, 3012, 322, 10.11%, 0, 0, 4, 935.93
1522777306, 0, 2177, 3306, 3015, 320, 10.11%, 0, 0, 4, 0.40
1522777312, 0, 2177, 3312, 3021, 320, 10.11%, 0, 0, 4, 0.20
1522777325, 0, 2183, 3316, 3025, 322, 10.11%, 0, 0, 4, 2.72
1522777330, 0, 2193, 3317, 3025, 321, 10.11%, 0, 0, 4, 234.21
1522777335, 0, 2218, 3318, 3024, 319, 10.11%, 0, 0, 4, 700.13
1522777342, 0, 2226, 3318, 3023, 318, 10.11%, 0, 0, 4, 3.32
1522777358, 0, 2227, 3330, 3034, 321, 10.12%, 0, 0, 4, 971.40
1522777363, 0, 2233, 3330, 3032, 319, 10.12%, 0, 0, 4, 1003.97
1522777372, 0, 2238, 3330, 3031, 318, 10.12%, 0, 0, 4, 3.65
1522777383, 0, 2254, 3337, 3036, 319, 10.18%, 0, 0, 4, 0.30
1522777388, 0, 2261, 3337, 3034, 318, 10.18%, 0, 0, 4, 954.77
1522777393, 0, 2273, 3337, 3033, 317, 10.18%, 0, 0, 4, 299.22
1522777420, 0, 2282, 3349, 3043, 318, 10.18%, 0, 0, 4, 1289.38
1522777425, 0, 2288, 3350, 3042, 316, 10.18%, 0, 0, 4, 801.82
1522777433, 0, 2289, 3350, 3041, 314, 10.18%, 0, 0, 4, 2.21
1522777449, 0, 2293, 3350, 3040, 313, 10.18%, 0, 0, 4, 516.23
1522777455, 0, 2296, 3360, 3049, 314, 10.19%, 0, 0, 4, 501.59
1522777460, 0, 2297, 3360, 3048, 313, 10.19%, 0, 0, 4, 1263.07
1522777481, 0, 2298, 3360, 3047, 312, 10.19%, 0, 0, 4, 65.06
1522777501, 0, 2299, 3360, 3046, 311, 10.19%, 0, 0, 4, 3.86
1522777506, 0, 2302, 3360, 3045, 310, 10.19%, 0, 0, 4, 846.53
1522777511, 0, 2308, 3391, 3075, 315, 10.19%, 0, 0, 4, 632.70
1522777516, 0, 2312, 3391, 3073, 313, 10.19%, 0, 0, 4, 49.29
1522777522, 0, 2313, 3391, 3072, 312, 10.19%, 0, 0, 4, 0.40
1522777557, 0, 2315, 3391, 3071, 311, 10.19%, 0, 0, 4, 154.03
1522777581, 0, 2315, 3392, 3072, 311, 10.19%, 0, 0, 4, 0.35
1522777596, 0, 2319, 3415, 3094, 312, 10.22%, 0, 0, 4, 261.40
1522777618, 0, 2326, 3415, 3093, 311, 10.22%, 0, 0, 4, 1.19
1522777628, 0, 2326, 3416, 3094, 311, 10.22%, 0, 0, 4, 163.98
1522777649, 0, 2328, 3416, 3093, 311, 10.22%, 0, 0, 4, 9.23
1522777654, 0, 2332, 3416, 3091, 309, 10.22%, 0, 0, 4, 1045.75
1522777659, 0, 2335, 3437, 3111, 316, 10.24%, 0, 0, 4, 24.02
1522777688, 0, 2336, 3437, 3110, 315, 10.24%, 0, 0, 4, 0.10
1522777698, 0, 2338, 3438, 3110, 314, 10.24%, 0, 0, 4, 1.36
1522777742, 0, 2342, 3438, 3109, 313, 10.24%, 0, 0, 4, 1310.34
1522777760, 0, 2347, 3439, 3109, 312, 10.24%, 0, 0, 4, 0.07
1522777790, 0, 2353, 3483, 3152, 329, 10.31%, 0, 0, 4, 1252.86
1522777808, 0, 2357, 3483, 3151, 328, 10.31%, 0, 0, 4, 1.70
1522777816, 0, 2361, 3483, 3150, 327, 10.31%, 0, 0, 4, 0.26
1522777828, 0, 2367, 3483, 3149, 326, 10.31%, 0, 0, 4, 226.77
1522777857, 0, 2372, 3483, 3148, 325, 10.31%, 0, 0, 4, 55.94
1522777862, 0, 2372, 3545, 3209, 324, 10.43%, 0, 0, 4, 170.84
1522777867, 0, 2379, 3546, 3210, 338, 10.43%, 0, 0, 4, 716.05
1522777888, 0, 2382, 3546, 3209, 336, 10.43%, 0, 0, 4, 12.84
1522777893, 0, 2386, 3546, 3208, 335, 10.43%, 0, 0, 4, 626.87
1522777898, 0, 2396, 3546, 3207, 334, 10.43%, 0, 0, 4, 990.95
1522777924, 0, 2402, 3546, 3206, 333, 10.43%, 0, 0, 4, 0.49
1522777941, 0, 2403, 3583, 3242, 327, 10.48%, 0, 0, 4, 2.66
1522777964, 0, 2418, 3583, 3241, 326, 10.48%, 0, 0, 4, 196.86
1522777989, 0, 2430, 3583, 3239, 324, 10.48%, 0, 0, 4, 5.95
1522777994, 0, 2432, 3585, 3240, 323, 10.48%, 0, 0, 4, 738.49
1522778000, 0, 2432, 3613, 3267, 322, 10.51%, 0, 0, 4, 6.60
1522778006, 0, 2433, 3617, 3271, 325, 10.51%, 0, 0, 4, 1.04
1522778013, 0, 2434, 3618, 3271, 324, 10.51%, 0, 0, 4, 1.72
1522778018, 0, 2474, 3628, 3277, 321, 10.52%, 0, 0, 4, 939.57
1522778028, 0, 2478, 3628, 3276, 320, 10.52%, 0, 0, 4, 2.74
1522778035, 0, 2481, 3629, 3276, 320, 10.52%, 0, 0, 4, 3.95
1522778045, 0, 2483, 3629, 3275, 319, 10.52%, 0, 0, 4, 1.73
1522778050, 0, 2495, 3634, 3278, 321, 10.54%, 0, 0, 4, 236.32
1522778064, 0, 2502, 3634, 3275, 318, 10.54%, 0, 0, 4, 1.04
1522778093, 0, 2513, 3634, 3274, 317, 10.54%, 0, 0, 4, 28.44
1522778109, 0, 2513, 3635, 3275, 317, 10.54%, 0, 0, 4, 0.60
1522778114, 0, 2513, 3673, 3312, 316, 10.55%, 0, 0, 4, 1.92
1522778124, 0, 2518, 3674, 3313, 318, 10.55%, 0, 0, 4, 0.23
1522778135, 0, 2525, 3674, 3312, 318, 10.55%, 0, 0, 4, 0.62
1522778146, 0, 2537, 3674, 3311, 317, 10.55%, 0, 0, 4, 0.37
1522778162, 0, 2557, 3674, 3309, 315, 10.55%, 0, 0, 4, 0.46
1522778188, 0, 2557, 3675, 3310, 315, 10.55%, 0, 0, 4, 174.33
1522778193, 0, 2559, 3691, 3325, 317, 10.57%, 0, 0, 4, 23.91
1522778251, 0, 2559, 3692, 3326, 317, 10.57%, 0, 0, 4, 0.10
1522778277, 0, 2590, 3692, 3323, 314, 10.57%, 0, 0, 4, 1640.00
1522778285, 0, 2610, 3706, 3335, 312, 10.57%, 0, 0, 4, 0.38
1522778290, 0, 2613, 3709, 3337, 311, 10.57%, 0, 0, 4, 881.88
1522778300, 0, 2614, 3709, 3336, 310, 10.57%, 0, 0, 4, 4.46
1522778305, 0, 2616, 3709, 3335, 309, 10.57%, 0, 0, 4, 1159.41
1522778310, 0, 2619, 3718, 3342, 307, 10.58%, 0, 0, 4, 203.09
1522778315, 0, 2645, 3729, 3348, 306, 10.68%, 0, 0, 4, 214.91
1522778320, 0, 2664, 3732, 3350, 308, 10.72%, 0, 0, 4, 1075.25
1522778325, 0, 2673, 3733, 3349, 306, 10.72%, 0, 0, 4, 984.71
1522778330, 0, 2696, 3739, 3351, 304, 10.73%, 0, 0, 4, 1100.34
1522778336, 0, 2702, 3739, 3349, 304, 10.73%, 0, 0, 4, 373.00
1522778341, 0, 2712, 3746, 3355, 305, 10.74%, 0, 0, 4, 24.29
1522778351, 0, 2714, 3746, 3354, 303, 10.74%, 0, 0, 4, 276.69
1522778356, 0, 2721, 3746, 3353, 302, 10.74%, 0, 0, 4, 296.51
1522778361, 0, 2745, 3746, 3352, 301, 10.74%, 0, 0, 4, 544.28
1522778367, 0, 2768, 3772, 3376, 306, 10.78%, 0, 0, 4, 1288.74
1522778372, 0, 2773, 3773, 3375, 304, 10.78%, 0, 0, 4, 82.95
1522778393, 0, 2776, 3773, 3374, 303, 10.78%, 0, 0, 4, 111.69
1522778403, 0, 2777, 3774, 3374, 302, 10.78%, 0, 0, 4, 229.46
1522778408, 0, 2777, 3811, 3410, 301, 10.83%, 0, 0, 4, 274.66
1522778413, 0, 2785, 3815, 3412, 303, 10.83%, 0, 0, 4, 482.59
1522778423, 0, 2806, 3815, 3411, 302, 10.83%, 0, 0, 4, 265.06
1522778434, 0, 2807, 3815, 3410, 304, 10.83%, 0, 0, 4, 207.11
1522778444, 0, 2807, 3842, 3436, 303, 10.84%, 0, 0, 4, 51.30
1522778449, 0, 2818, 3854, 3447, 307, 10.84%, 0, 0, 4, 993.57
1522778454, 0, 2828, 3855, 3446, 306, 10.85%, 0, 0, 4, 24.32
1522778464, 0, 2858, 3866, 3455, 304, 10.85%, 0, 0, 4, 89.19
1522778469, 0, 2869, 3867, 3454, 304, 10.85%, 0, 0, 4, 961.81
1522778483, 0, 2882, 3873, 3457, 301, 10.85%, 0, 0, 4, 1247.55
1522778488, 0, 2887, 3873, 3453, 297, 10.85%, 0, 0, 4, 1157.96
1522778493, 0, 2897, 3876, 3451, 292, 10.85%, 0, 0, 4, 1172.22
1522778498, 0, 2906, 3877, 3447, 288, 10.85%, 0, 0, 4, 1146.89
1522778503, 0, 2923, 3881, 3445, 282, 10.85%, 0, 0, 4, 182.10
1522778508, 0, 2930, 3881, 3444, 281, 10.85%, 0, 0, 4, 377.45
1522778514, 0, 2951, 3881, 3442, 279, 10.85%, 0, 0, 4, 1144.22
1522778519, 0, 2954, 3881, 3441, 278, 10.85%, 0, 0, 4, 461.51
1522778524, 0, 2954, 3899, 3458, 277, 10.86%, 0, 0, 4, 189.57
1522778529, 0, 2966, 3901, 3459, 279, 10.86%, 0, 0, 4, 1095.77
1522778534, 0, 2968, 3901, 3458, 278, 10.86%, 0, 0, 4, 5.62
1522778544, 0, 2975, 3901, 3456, 276, 10.86%, 0, 0, 4, 796.00
1522778549, 0, 2985, 3906, 3459, 274, 10.86%, 0, 0, 4, 252.11
1522778554, 0, 2986, 3906, 3458, 273, 10.86%, 0, 0, 4, 24.27
1522778565, 0, 2988, 3906, 3456, 271, 10.86%, 0, 0, 4, 666.35
1522778570, 0, 2989, 3924, 3473, 271, 10.87%, 0, 0, 4, 871.36
1522778575, 0, 2992, 3924, 3471, 269, 10.87%, 0, 0, 4, 1339.58
1522778580, 0, 2993, 3925, 3471, 268, 10.87%, 0, 0, 4, 868.08
1522778585, 0, 3003, 3932, 3476, 268, 10.87%, 0, 0, 4, 722.77
1522778606, 0, 3006, 3932, 3474, 267, 10.87%, 0, 0, 4, 245.96
1522778616, 0, 3016, 3932, 3472, 265, 10.87%, 0, 0, 4, 510.98
1522778621, 0, 3028, 3948, 3487, 269, 10.89%, 0, 0, 4, 124.85
1522778631, 0, 3036, 3948, 3486, 268, 10.89%, 0, 0, 4, 192.70
1522778636, 0, 3037, 3948, 3485, 267, 10.89%, 0, 0, 4, 180.54
1522778654, 0, 3060, 3959, 3492, 264, 10.91%, 0, 0, 4, 25.64
1522778659, 0, 3062, 3959, 3491, 263, 10.91%, 0, 0, 4, 160.69
1522778669, 0, 3064, 3960, 3490, 261, 10.91%, 0, 0, 4, 765.53
1522778674, 0, 3075, 3963, 3490, 260, 10.91%, 0, 0, 4, 1527.22
1522778680, 0, 3078, 3963, 3488, 258, 10.91%, 0, 0, 4, 1017.65
1522778685, 0, 3085, 3969, 3492, 256, 10.91%, 0, 0, 4, 977.45
1522778690, 0, 3093, 3970, 3491, 254, 10.91%, 0, 0, 4, 1055.23
1522778695, 0, 3110, 3980, 3498, 254, 10.92%, 0, 0, 4, 944.35
1522778700, 0, 3112, 3980, 3496, 252, 10.92%, 0, 0, 4, 142.43
1522778718, 0, 3121, 3986, 3500, 251, 10.92%, 0, 0, 4, 931.34
1522778723, 0, 3122, 3986, 3499, 250, 10.92%, 0, 0, 4, 302.75
1522778728, 0, 3126, 3986, 3498, 249, 10.92%, 0, 0, 4, 1.07
1522778733, 0, 3129, 3986, 3497, 248, 10.92%, 0, 0, 4, 585.61
1522778738, 0, 3132, 3992, 3501, 248, 10.92%, 0, 0, 4, 955.58
1522778744, 0, 3142, 3992, 3498, 245, 10.92%, 0, 0, 4, 18.40
1522778749, 0, 3156, 3997, 3501, 244, 10.93%, 0, 0, 4, 168.87
1522778759, 0, 3164, 3997, 3499, 242, 10.93%, 0, 0, 4, 654.93
1522778765, 0, 3167, 4006, 3505, 239, 10.93%, 0, 0, 4, 797.73
1522778770, 0, 3172, 4006, 3505, 239, 10.93%, 0, 0, 4, 272.88
1522778780, 0, 3204, 4006, 3502, 236, 10.93%, 0, 0, 4, 614.45
1522778785, 0, 3207, 4006, 3501, 235, 10.93%, 0, 0, 4, 311.80
1522778790, 0, 3212, 4018, 3512, 239, 10.94%, 0, 0, 4, 24.27
1522778795, 0, 3212, 4019, 3513, 239, 10.94%, 0, 0, 4, 326.25
1522778800, 0, 3218, 4020, 3512, 238, 10.94%, 0, 0, 4, 1057.11
1522778805, 0, 3225, 4020, 3510, 236, 10.94%, 0, 0, 4, 51.11
1522778810, 0, 3225, 4021, 3511, 236, 10.94%, 0, 0, 4, 191.35
1522778815, 0, 3237, 4024, 3512, 235, 10.94%, 0, 0, 4, 1139.06
1522778821, 0, 3245, 4025, 3511, 233, 10.94%, 0, 0, 4, 1015.30
1522778826, 0, 3249, 4033, 3517, 232, 10.95%, 0, 0, 4, 1157.58
1522778831, 0, 3254, 4033, 3516, 231, 10.95%, 0, 0, 4, 972.13
1522778836, 0, 3272, 4033, 3513, 228, 10.95%, 0, 0, 4, 1138.91
1522778841, 0, 3275, 4041, 3520, 228, 10.96%, 0, 0, 4, 1075.85
1522778847, 0, 3276, 4041, 3519, 227, 10.96%, 0, 0, 4, 1.05
1522778858, 0, 3277, 4041, 3518, 226, 10.96%, 0, 0, 4, 600.44
1522778863, 0, 3303, 4041, 3516, 224, 10.96%, 0, 0, 4, 937.24
1522778868, 0, 3313, 4043, 3517, 224, 10.96%, 0, 0, 4, 286.95
1522778883, 0, 3321, 4043, 3515, 222, 10.96%, 0, 0, 4, 533.40
1522778888, 0, 3326, 4043, 3513, 221, 10.96%, 0, 0, 4, 58.98
1522778898, 0, 3332, 4055, 3524, 220, 10.96%, 0, 0, 4, 331.22
1522778908, 0, 3342, 4055, 3522, 218, 10.96%, 0, 0, 4, 798.98
1522778914, 0, 3343, 4055, 3521, 217, 10.96%, 0, 0, 4, 384.98
1522778919, 0, 3347, 4087, 3551, 215, 11.07%, 0, 0, 4, 415.88
1522778924, 0, 3352, 4090, 3552, 234, 11.07%, 0, 0, 4, 149.25
1522778929, 0, 3352, 4091, 3553, 234, 11.07%, 0, 0, 4, 220.90
1522778934, 0, 3359, 4091, 3551, 232, 11.07%, 0, 0, 4, 239.87
1522778939, 0, 3360, 4106, 3565, 240, 11.15%, 0, 0, 4, 616.43
1522778944, 0, 3375, 4107, 3563, 237, 11.15%, 0, 0, 4, 750.76
1522778960, 0, 3377, 4108, 3563, 236, 11.15%, 0, 0, 4, 1247.17
1522778965, 0, 3392, 4126, 3579, 238, 11.19%, 0, 0, 4, 188.68
1522778975, 0, 3402, 4126, 3578, 237, 11.19%, 0, 0, 4, 1224.93
1522778980, 0, 3419, 4126, 3576, 236, 11.19%, 0, 0, 4, 1014.43
1522778985, 0, 3423, 4148, 3597, 247, 11.24%, 0, 0, 4, 599.57
1522778990, 0, 3429, 4148, 3595, 245, 11.24%, 0, 0, 4, 681.17
1522779001, 0, 3430, 4148, 3594, 244, 11.24%, 0, 0, 4, 353.16
1522779006, 0, 3431, 4148, 3593, 243, 11.24%, 0, 0, 4, 528.42
1522779011, 0, 3435, 4157, 3601, 246, 11.24%, 0, 0, 4, 424.71
1522779016, 0, 3439, 4157, 3599, 244, 11.24%, 0, 0, 4, 586.69
1522779022, 0, 3441, 4158, 3599, 243, 11.24%, 0, 0, 4, 6.02
1522779032, 0, 3452, 4171, 3610, 245, 11.26%, 0, 0, 4, 3.39
1522779037, 0, 3455, 4171, 3609, 244, 11.26%, 0, 0, 4, 287.23
1522779042, 0, 3459, 4172, 3609, 244, 11.26%, 0, 0, 4, 326.77
1522779047, 0, 3466, 4172, 3607, 242, 11.26%, 0, 0, 4, 569.99
1522779057, 0, 3472, 4185, 3618, 241, 11.26%, 0, 0, 4, 414.91
1522779063, 0, 3480, 4185, 3617, 241, 11.26%, 0, 0, 4, 12.90
1522779076, 0, 3482, 4185, 3616, 240, 11.26%, 0, 0, 4, 298.43
1522779081, 0, 3484, 4194, 3623, 240, 11.27%, 0, 0, 4, 580.74
1522779089, 0, 3491, 4194, 3621, 238, 11.27%, 0, 0, 4, 0.23
1522779094, 0, 3509, 4194, 3619, 236, 11.27%, 0, 0, 4, 887.25
1522779100, 0, 3544, 4198, 3620, 233, 11.27%, 0, 0, 4, 147.98
1522779115, 0, 3545, 4199, 3620, 232, 11.27%, 0, 0, 4, 187.93
1522779125, 0, 3545, 4201, 3622, 232, 11.27%, 0, 0, 4, 196.17
1522779130, 0, 3545, 4202, 3623, 232, 11.27%, 0, 0, 4, 177.61
1522779142, 0, 3547, 4202, 3622, 232, 11.27%, 0, 0, 4, 1030.23
1522779147, 0, 3555, 4217, 3635, 237, 11.28%, 0, 0, 4, 1083.44
1522779152, 0, 3564, 4217, 3633, 235, 11.28%, 0, 0, 4, 43.83
1522779162, 0, 3603, 4222, 3633, 230, 11.29%, 0, 0, 4, 800.25
1522779167, 0, 3604, 4222, 3632, 229, 11.29%, 0, 0, 4, 221.61
1522779177, 0, 3604, 4226, 3635, 228, 11.29%, 0, 0, 4, 191.09
1522779183, 0, 3619, 4234, 3640, 227, 11.30%, 0, 0, 4, 1095.69
1522779188, 0, 3627, 4234, 3639, 226, 11.30%, 0, 0, 4, 179.44
1522779193, 0, 3630, 4239, 3643, 227, 11.31%, 0, 0, 4, 31.01
1522779209, 0, 3632, 4239, 3641, 225, 11.31%, 0, 0, 4, 1070.00
1522779214, 0, 3633, 4239, 3640, 224, 11.31%, 0, 0, 4, 204.62
1522779224, 0, 3635, 4239, 3639, 223, 11.31%, 0, 0, 4, 699.30
1522779230, 0, 3641, 4264, 3662, 224, 11.31%, 0, 0, 4, 700.85
1522779235, 0, 3644, 4265, 3661, 223, 11.31%, 0, 0, 4, 876.02
1522779240, 0, 3646, 4265, 3660, 222, 11.31%, 0, 0, 4, 998.71
1522779245, 0, 3653, 4270, 3662, 219, 11.31%, 0, 0, 4, 1020.33
1522779250, 0, 3660, 4270, 3660, 216, 11.31%, 0, 0, 4, 1057.19
1522779255, 0, 3666, 4274, 3662, 214, 11.31%, 0, 0, 4, 978.23
1522779260, 0, 3667, 4274, 3661, 213, 11.31%, 0, 0, 4, 464.95
1522779272, 0, 3670, 4274, 3660, 212, 11.31%, 0, 0, 4, 1.39
1522779283, 0, 3671, 4274, 3659, 211, 11.31%, 0, 0, 4, 350.00
1522779293, 0, 3672, 4285, 3669, 211, 11.34%, 0, 0, 4, 164.18
1522779303, 0, 3672, 4287, 3671, 211, 11.34%, 0, 0, 4, 186.15
1522779308, 0, 3676, 4287, 3670, 210, 11.34%, 0, 0, 4, 218.38
1522779313, 0, 3679, 4287, 3669, 209, 11.34%, 0, 0, 4, 264.36
1522779318, 0, 3686, 4287, 3667, 207, 11.34%, 0, 0, 4, 379.30
1522779323, 0, 3686, 4296, 3675, 206, 11.37%, 0, 0, 4, 286.05
1522779329, 0, 3687, 4297, 3676, 210, 11.37%, 0, 0, 4, 284.76
1522779334, 0, 3694, 4299, 3676, 209, 11.38%, 0, 0, 4, 505.18
1522779344, 0, 3715, 4299, 3675, 209, 11.38%, 0, 0, 4, 304.77
1522779349, 0, 3725, 4308, 3682, 209, 11.39%, 0, 0, 4, 603.06
1522779354, 0, 3746, 4309, 3677, 203, 11.39%, 0, 0, 4, 170.52
1522779364, 0, 3749, 4309, 3676, 202, 11.39%, 0, 0, 4, 206.84
1522779370, 0, 3750, 4309, 3675, 201, 11.39%, 0, 0, 4, 547.26
1522779375, 0, 3751, 4310, 3675, 201, 11.39%, 0, 0, 4, 614.56
1522779380, 0, 3765, 4330, 3693, 206, 11.42%, 0, 0, 4, 617.39
1522779385, 0, 3791, 4330, 3691, 204, 11.42%, 0, 0, 4, 747.44
1522779390, 0, 3799, 4334, 3693, 201, 11.42%, 0, 0, 4, 684.85
1522779395, 0, 3808, 4334, 3692, 200, 11.42%, 0, 0, 4, 724.44
1522779400, 0, 3813, 4336, 3692, 198, 11.42%, 0, 0, 4, 749.10
1522779410, 0, 3847, 4337, 3692, 198, 11.42%, 0, 0, 4, 282.32
1522779415, 0, 3848, 4343, 3697, 199, 11.43%, 0, 0, 4, 296.61
1522779420, 0, 3849, 4344, 3697, 198, 11.43%, 0, 0, 4, 300.63
1522779426, 0, 3861, 4344, 3696, 197, 11.43%, 0, 0, 4, 34.94
1522779431, 0, 3876, 4344, 3695, 196, 11.43%, 0, 0, 4, 1229.16
1522779436, 0, 3877, 4344, 3694, 195, 11.43%, 0, 0, 4, 204.47
1522779441, 0, 3886, 4354, 3703, 197, 11.47%, 0, 0, 4, 191.97
1522779451, 0, 3896, 4354, 3702, 196, 11.47%, 0, 0, 4, 1298.04
1522779456, 0, 3901, 4355, 3702, 195, 11.47%, 0, 0, 4, 705.45
1522779462, 0, 3902, 4355, 3701, 194, 11.47%, 0, 0, 4, 400.84
1522779472, 0, 3905, 4371, 3715, 197, 11.48%, 0, 0, 4, 767.02
1522779477, 0, 3926, 4373, 3712, 193, 11.48%, 0, 0, 4, 1036.93
1522779482, 0, 3933, 4373, 3710, 191, 11.48%, 0, 0, 4, 656.73
1522779487, 0, 3938, 4373, 3709, 190, 11.48%, 0, 0, 4, 481.85
1522779492, 0, 3940, 4373, 3708, 189, 11.48%, 0, 0, 4, 556.49
1522779498, 0, 3944, 4383, 3716, 190, 11.49%, 0, 0, 4, 899.24
1522779503, 0, 3953, 4383, 3714, 188, 11.49%, 0, 0, 4, 110.38
1522779513, 0, 3961, 4396, 3725, 191, 11.54%, 0, 0, 4, 171.06
1522779523, 0, 3962, 4396, 3724, 190, 11.54%, 0, 0, 4, 270.51
1522779528, 0, 3976, 4396, 3721, 187, 11.54%, 0, 0, 4, 828.66
1522779533, 0, 3986, 4432, 3755, 206, 11.62%, 0, 0, 4, 997.91
1522779538, 0, 3987, 4432, 3754, 205, 11.62%, 0, 0, 4, 743.34
1522779543, 0, 4006, 4433, 3753, 205, 11.62%, 0, 0, 4, 339.48
1522779548, 0, 4010, 4445, 3764, 210, 11.64%, 0, 0, 4, 48.95
1522779559, 0, 4015, 4445, 3763, 210, 11.64%, 0, 0, 4, 26.28
1522779564, 0, 4017, 4445, 3762, 209, 11.64%, 0, 0, 4, 305.02
1522779569, 0, 4020, 4445, 3761, 208, 11.64%, 0, 0, 4, 461.27
1522779574, 0, 4023, 4445, 3760, 207, 11.64%, 0, 0, 4, 415.92
1522779579, 0, 4032, 4472, 3786, 213, 11.67%, 0, 0, 4, 322.91
1522779589, 0, 4036, 4472, 3785, 212, 11.67%, 0, 0, 4, 74.33
1522779600, 0, 4038, 4472, 3784, 211, 11.67%, 0, 0, 4, 327.34
1522779610, 0, 4041, 4472, 3783, 210, 11.67%, 0, 0, 4, 250.26
1522779615, 0, 4044, 4472, 3782, 209, 11.67%, 0, 0, 4, 315.53
1522779630, 0, 4060, 4498, 3804, 209, 11.68%, 0, 0, 4, 744.39
1522779646, 0, 4062, 4508, 3812, 208, 11.68%, 0, 0, 4, 24.08
1522779656, 0, 4065, 4508, 3811, 207, 11.68%, 0, 0, 4, 24.03
1522779666, 0, 4073, 4517, 3816, 203, 11.68%, 0, 0, 4, 635.00
1522779672, 0, 4088, 4517, 3807, 194, 11.68%, 0, 0, 4, 1036.79
1522779677, 0, 4111, 4520, 3804, 188, 11.68%, 0, 0, 4, 923.09
1522779682, 0, 4126, 4520, 3802, 186, 11.68%, 0, 0, 4, 1106.71
1522779687, 0, 4135, 4525, 3802, 182, 11.69%, 0, 0, 4, 911.19
1522779692, 0, 4136, 4525, 3801, 181, 11.69%, 0, 0, 4, 360.73
1522779697, 0, 4138, 4528, 3802, 179, 11.69%, 0, 0, 4, 495.52
1522779702, 0, 4139, 4529, 3802, 178, 11.69%, 0, 0, 4, 24.30
1522779712, 0, 4147, 4530, 3799, 174, 11.69%, 0, 0, 4, 644.00
1522779717, 0, 4155, 4539, 3807, 175, 11.70%, 0, 0, 4, 516.47
1522779723, 0, 4169, 4540, 3806, 173, 11.70%, 0, 0, 4, 711.83
1522779728, 0, 4170, 4542, 3806, 171, 11.70%, 0, 0, 4, 736.02
1522779733, 0, 4171, 4542, 3806, 171, 11.70%, 0, 0, 4, 204.66
1522779738, 0, 4173, 4542, 3805, 170, 11.70%, 0, 0, 4, 258.50
1522779743, 0, 4182, 4542, 3804, 169, 11.70%, 0, 0, 4, 632.36
1522779748, 0, 4191, 4542, 3802, 168, 11.70%, 0, 0, 4, 562.80
1522779753, 0, 4200, 4555, 3814, 169, 11.70%, 0, 0, 4, 294.09
1522779764, 0, 4208, 4555, 3812, 167, 11.70%, 0, 0, 4, 1145.47
1522779769, 0, 4216, 4557, 3812, 166, 11.71%, 0, 0, 4, 557.14
1522779774, 0, 4220, 4559, 3812, 165, 11.71%, 0, 0, 4, 158.87
1522779794, 0, 4222, 4559, 3811, 164, 11.71%, 0, 0, 4, 139.68
1522779804, 0, 4224, 4559, 3810, 163, 11.71%, 0, 0, 4, 99.20
1522779809, 0, 4225, 4560, 3810, 162, 11.71%, 0, 0, 4, 23.90
1522779820, 0, 4229, 4583, 3832, 171, 11.74%, 0, 0, 4, 1126.09
1522779825, 0, 4236, 4583, 3829, 168, 11.74%, 0, 0, 4, 1086.72
1522779830, 0, 4239, 4594, 3838, 166, 11.74%, 0, 0, 4, 180.33
1522779835, 0, 4248, 4595, 3838, 167, 11.74%, 0, 0, 4, 780.65
1522779840, 0, 4266, 4596, 3836, 165, 11.74%, 0, 0, 4, 894.67
1522779845, 0, 4270, 4604, 3841, 167, 11.77%, 0, 0, 4, 624.10
1522779850, 0, 4276, 4604, 3840, 166, 11.77%, 0, 0, 4, 659.26
1522779855, 0, 4281, 4612, 3846, 165, 11.78%, 0, 0, 4, 158.54
1522779865, 0, 4282, 4612, 3845, 164, 11.78%, 0, 0, 4, 338.64
1522779871, 0, 4283, 4612, 3844, 163, 11.78%, 0, 0, 4, 406.14
1522779876, 0, 4284, 4614, 3845, 162, 11.79%, 0, 0, 4, 447.56
1522779881, 0, 4288, 4614, 3844, 162, 11.79%, 0, 0, 4, 63.18
1522779886, 0, 4288, 4620, 3849, 161, 11.79%, 0, 0, 4, 137.58
1522779891, 0, 4291, 4620, 3849, 163, 11.79%, 0, 0, 4, 208.34
1522779896, 0, 4295, 4620, 3848, 162, 11.79%, 0, 0, 4, 194.71
1522779901, 0, 4298, 4620, 3846, 160, 11.79%, 0, 0, 4, 409.19
1522779906, 0, 4299, 4620, 3845, 159, 11.79%, 0, 0, 4, 339.86
1522779911, 0, 4301, 4627, 3851, 160, 11.85%, 0, 0, 4, 383.79
1522779916, 0, 4308, 4627, 3849, 158, 11.85%, 0, 0, 4, 429.87
1522779921, 0, 4309, 4628, 3849, 157, 11.85%, 0, 0, 4, 507.40
1522779927, 0, 4313, 4628, 3848, 156, 11.85%, 0, 0, 4, 112.88
1522779942, 0, 4322, 4642, 3860, 153, 11.85%, 0, 0, 4, 1172.53
1522779947, 0, 4334, 4642, 3857, 150, 11.85%, 0, 0, 4, 1050.97
1522779957, 0, 4335, 4649, 3863, 152, 11.85%, 0, 0, 4, 46.62
1522779962, 0, 4337, 4649, 3862, 151, 11.85%, 0, 0, 4, 634.13
1522779967, 0, 4344, 4649, 3861, 150, 11.85%, 0, 0, 4, 347.06
1522779972, 0, 4349, 4649, 3860, 149, 11.85%, 0, 0, 4, 286.27
1522779977, 0, 4351, 4649, 3859, 148, 11.85%, 0, 0, 4, 270.69
1522779988, 0, 4370, 4661, 3868, 146, 11.86%, 0, 0, 4, 761.60
1522779993, 0, 4372, 4662, 3867, 144, 11.86%, 0, 0, 4, 165.29
1522779998, 0, 4376, 4665, 3869, 144, 11.87%, 0, 0, 4, 278.61
1522780003, 0, 4376, 4667, 3871, 144, 11.87%, 0, 0, 4, 223.83
1522780013, 0, 4382, 4667, 3868, 141, 11.87%, 0, 0, 4, 1147.68
1522780018, 0, 4385, 4667, 3867, 141, 11.87%, 0, 0, 4, 23.99
1522780028, 0, 4391, 4676, 3871, 138, 11.92%, 0, 0, 4, 1180.05
1522780034, 0, 4395, 4691, 3884, 139, 11.94%, 0, 0, 4, 1160.85
1522780039, 0, 4397, 4697, 3888, 143, 11.95%, 0, 0, 4, 1057.09
1522780044, 0, 4410, 4720, 3903, 148, 11.97%, 0, 0, 4, 1012.94
1522780049, 0, 4412, 4720, 3902, 147, 11.97%, 0, 0, 4, 469.60
1522780054, 0, 4416, 4724, 3903, 144, 11.98%, 0, 0, 4, 603.07
1522780059, 0, 4432, 4728, 3898, 138, 11.98%, 0, 0, 4, 975.64
1522780065, 0, 4432, 4730, 3900, 138, 11.98%, 0, 0, 4, 463.68
1522780077, 0, 4440, 4743, 3907, 134, 11.98%, 0, 0, 4, 0.11
1522780082, 0, 4447, 4748, 3908, 134, 11.98%, 0, 0, 4, 989.06
1522780087, 0, 4454, 4754, 3911, 132, 11.98%, 0, 0, 4, 864.49
1522780092, 0, 4458, 4761, 3915, 134, 12.05%, 0, 0, 4, 178.62
1522780098, 0, 4462, 4761, 3913, 132, 12.05%, 0, 0, 4, 547.35
1522780103, 0, 4468, 4761, 3911, 130, 12.05%, 0, 0, 4, 598.93
1522780108, 0, 4469, 4775, 3924, 135, 12.06%, 0, 0, 4, 667.66
1522780113, 0, 4477, 4775, 3922, 133, 12.06%, 0, 0, 4, 787.46
1522780118, 0, 4478, 4776, 3922, 132, 12.06%, 0, 0, 4, 758.83
1522780123, 0, 4487, 4786, 3930, 134, 12.06%, 0, 0, 4, 731.60
1522780128, 0, 4492, 4786, 3929, 133, 12.06%, 0, 0, 4, 471.76
1522780133, 0, 4506, 4786, 3927, 131, 12.06%, 0, 0, 4, 83.60
1522780144, 0, 4506, 4788, 3929, 131, 12.06%, 0, 0, 4, 159.91
1522780149, 0, 4508, 4789, 3929, 130, 12.06%, 0, 0, 4, 366.41
1522780154, 0, 4521, 4805, 3943, 132, 12.07%, 0, 0, 4, 722.67
1522780159, 0, 4524, 4805, 3942, 131, 12.07%, 0, 0, 4, 399.35
1522780169, 0, 4538, 4805, 3940, 129, 12.07%, 0, 0, 4, 537.39
1522780174, 0, 4543, 4816, 3950, 132, 12.09%, 0, 0, 4, 707.04
1522780179, 0, 4555, 4816, 3946, 128, 12.09%, 0, 0, 4, 982.49
1522780185, 0, 4560, 4821, 3949, 128, 12.10%, 0, 0, 4, 1020.41
1522780190, 0, 4563, 4821, 3947, 126, 12.10%, 0, 0, 4, 308.01
1522780195, 0, 4564, 4822, 3947, 126, 12.10%, 0, 0, 4, 584.72
1522780200, 0, 4566, 4824, 3948, 125, 12.10%, 0, 0, 4, 581.25
1522780205, 0, 4568, 4824, 3947, 124, 12.10%, 0, 0, 4, 810.17
1522780210, 0, 4569, 4825, 3947, 123, 12.10%, 0, 0, 4, 898.32
1522780215, 0, 4571, 4825, 3945, 122, 12.10%, 0, 0, 4, 166.71
1522780220, 0, 4571, 4837, 3956, 121, 12.11%, 0, 0, 4, 253.97
1522780226, 0, 4578, 4837, 3955, 124, 12.11%, 0, 0, 4, 616.32
1522780231, 0, 4590, 4837, 3952, 121, 12.11%, 0, 0, 4, 691.72
1522780236, 0, 4603, 4844, 3955, 120, 12.12%, 0, 0, 4, 900.06
1522780246, 0, 4615, 4849, 3958, 119, 12.12%, 0, 0, 4, 631.84
1522780251, 0, 4621, 4850, 3958, 118, 12.12%, 0, 0, 4, 587.67
1522780256, 0, 4622, 4850, 3957, 117, 12.12%, 0, 0, 4, 120.37
1522780266, 0, 4622, 4851, 3958, 117, 12.12%, 0, 0, 4, 170.05
1522780272, 0, 4623, 4852, 3958, 117, 12.12%, 0, 0, 4, 28.50
1522780277, 0, 4623, 4856, 3962, 117, 12.13%, 0, 0, 4, 495.28
1522780282, 0, 4623, 4857, 3963, 117, 12.13%, 0, 0, 4, 499.78
1522780287, 0, 4629, 4859, 3964, 120, 12.13%, 0, 0, 4, 451.06
1522780292, 0, 4631, 4872, 3976, 122, 12.14%, 0, 0, 4, 607.63
1522780297, 0, 4640, 4874, 3976, 123, 12.14%, 0, 0, 4, 505.54
1522780302, 0, 4641, 4874, 3975, 122, 12.14%, 0, 0, 4, 379.86
1522780307, 0, 4641, 4877, 3978, 122, 12.14%, 0, 0, 4, 245.50
1522780313, 0, 4641, 4878, 3979, 122, 12.14%, 0, 0, 4, 271.36
1522780318, 0, 4641, 4879, 3980, 122, 12.14%, 0, 0, 4, 241.53
1522780328, 0, 4641, 4880, 3981, 122, 12.14%, 0, 0, 4, 259.59
1522780343, 0, 4643, 4880, 3980, 122, 12.14%, 0, 0, 4, 372.67
1522780348, 0, 4644, 4908, 4007, 124, 12.15%, 0, 0, 4, 304.71
1522780353, 0, 4644, 4909, 4008, 124, 12.15%, 0, 0, 4, 327.04
1522780358, 0, 4650, 4909, 4006, 123, 12.15%, 0, 0, 4, 535.24
1522780364, 0, 4658, 4910, 4005, 122, 12.15%, 0, 0, 4, 567.81
1522780369, 0, 4659, 4916, 4010, 124, 12.16%, 0, 0, 4, 295.85
1522780374, 0, 4664, 4916, 4009, 123, 12.16%, 0, 0, 4, 628.64
1522780379, 0, 4674, 4916, 4008, 122, 12.16%, 0, 0, 4, 201.16
1522780384, 0, 4676, 4916, 4006, 120, 12.16%, 0, 0, 4, 993.11
1522780389, 0, 4690, 4930, 4017, 122, 12.16%, 0, 0, 4, 840.37
1522780394, 0, 4695, 4933, 4016, 120, 12.16%, 0, 0, 4, 925.37
1522780399, 0, 4707, 4935, 4013, 116, 12.16%, 0, 0, 4, 834.49
1522780410, 0, 4721, 4945, 4015, 116, 12.22%, 0, 0, 4, 889.97
1522780415, 0, 4724, 4953, 4022, 121, 12.23%, 0, 0, 4, 510.22
1522780420, 0, 4728, 4953, 4021, 121, 12.23%, 0, 0, 4, 953.70
1522780425, 0, 4732, 4953, 4020, 120, 12.23%, 0, 0, 4, 821.60
1522780430, 0, 4751, 4965, 4026, 119, 12.24%, 0, 0, 4, 926.09
1522780435, 0, 4754, 4967, 4026, 117, 12.24%, 0, 0, 4, 911.84
1522780441, 0, 4756, 4967, 4024, 115, 12.24%, 0, 0, 4, 9.68
1522780446, 0, 4759, 4995, 4049, 112, 12.29%, 0, 0, 4, 157.89
1522780451, 0, 4762, 4998, 4052, 134, 12.29%, 0, 0, 4, 241.99
1522780456, 0, 4766, 4999, 4052, 133, 12.29%, 0, 0, 4, 760.82
1522780462, 0, 4772, 4999, 4050, 132, 12.29%, 0, 0, 4, 265.03
1522780467, 0, 4776, 4999, 4049, 131, 12.29%, 0, 0, 4, 715.13
1522780479, 0, 4778, 5009, 4057, 130, 12.31%, 0, 0, 4, 725.11
1522780484, 0, 4783, 5009, 4055, 128, 12.31%, 0, 0, 4, 893.14
1522780489, 0, 4791, 5009, 4054, 127, 12.31%, 0, 0, 4, 819.33
1522780494, 0, 4799, 5019, 4063, 128, 12.31%, 0, 0, 4, 412.79
1522780499, 0, 4802, 5019, 4062, 127, 12.31%, 0, 0, 4, 544.22
1522780504, 0, 4816, 5019, 4060, 125, 12.31%, 0, 0, 4, 878.00
1522780509, 0, 4818, 5025, 4064, 124, 12.31%, 0, 0, 4, 905.95
1522780515, 0, 4824, 5026, 4064, 123, 12.31%, 0, 0, 4, 947.62
1522780520, 0, 4825, 5027, 4064, 122, 12.31%, 0, 0, 4, 486.85
1522780530, 0, 4830, 5027, 4063, 121, 12.31%, 0, 0, 4, 917.49
1522780535, 0, 4833, 5027, 4062, 120, 12.31%, 0, 0, 4, 865.35
1522780540, 0, 4837, 5051, 4085, 121, 12.32%, 0, 1, 4, 25.38
1522780545, 0, 4845, 5051, 4081, 117, 12.32%, 0, 1, 4, 531.11
1522780550, 0, 4850, 5055, 4084, 116, 12.32%, 0, 1, 4, 392.14
1522780556, 0, 4852, 5055, 4083, 115, 12.32%, 0, 1, 4, 404.00
1522780561, 0, 4853, 5055, 4082, 114, 12.32%, 0, 1, 4, 233.80
1522780571, 0, 4855, 5055, 4081, 113, 12.32%, 0, 1, 4, 31.34
1522780576, 0, 4856, 5058, 4082, 111, 12.33%, 0, 1, 4, 364.85
1522780581, 0, 4872, 5061, 4083, 110, 12.33%, 0, 1, 4, 39.10
1522780586, 0, 4873, 5061, 4082, 109, 12.33%, 0, 1, 4, 23.88
1522780596, 0, 4874, 5061, 4081, 108, 12.33%, 0, 1, 4, 354.08
1522780601, 0, 4884, 5069, 4087, 107, 12.33%, 0, 1, 4, 752.74
1522780607, 0, 4887, 5069, 4086, 106, 12.33%, 0, 1, 4, 506.90
1522780612, 0, 4895, 5080, 4094, 108, 12.33%, 0, 1, 4, 585.74
1522780617, 0, 4898, 5080, 4093, 107, 12.33%, 0, 1, 4, 85.19
1522780622, 0, 4900, 5080, 4091, 105, 12.33%, 0, 1, 4, 935.64
1522780627, 0, 4906, 5087, 4096, 104, 12.34%, 0, 1, 4, 1047.74
1522780632, 0, 4914, 5087, 4093, 103, 12.34%, 0, 1, 4, 218.92
1522780638, 0, 4918, 5091, 4095, 102, 12.34%, 0, 1, 4, 677.41
1522780643, 0, 4924, 5091, 4092, 99, 12.34%, 0, 1, 4, 876.39
1522780648, 0, 4927, 5091, 4091, 99, 12.34%, 0, 1, 4, 160.02
1522780658, 0, 4931, 5099, 4097, 102, 12.35%, 0, 1, 4, 703.64
1522780663, 0, 4935, 5104, 4098, 101, 12.36%, 0, 1, 4, 253.69
1522780668, 0, 4940, 5105, 4095, 98, 12.36%, 0, 1, 4, 639.14
1522780673, 0, 4952, 5115, 4096, 92, 12.36%, 0, 1, 4, 951.40
1522780678, 0, 4954, 5120, 4099, 92, 12.36%, 0, 1, 4, 983.75
1522780684, 0, 4962, 5122, 4098, 90, 12.37%, 0, 1, 4, 1041.30
1522780689, 0, 4970, 5125, 4097, 86, 12.37%, 0, 1, 4, 840.01
1522780694, 0, 4981, 5128, 4091, 78, 12.37%, 0, 1, 4, 1048.46
1522780699, 0, 4998, 5135, 4091, 71, 12.38%, 0, 1, 4, 944.49
1522780704, 0, 4998, 5137, 4093, 71, 12.38%, 0, 1, 4, 820.01
1522780709, 0, 4999, 5139, 4094, 76, 12.38%, 0, 1, 4, 669.79
1522780714, 0, 5000, 5150, 4104, 79, 12.39%, 0, 1, 4, 432.39
1522780719, 0, 5002, 5150, 4102, 77, 12.39%, 0, 1, 4, 536.77
1522780724, 0, 5003, 5150, 4101, 76, 12.39%, 0, 1, 4, 448.14
1522780730, 0, 5007, 5155, 4104, 76, 12.40%, 0, 1, 4, 758.15
1522780735, 0, 5015, 5155, 4103, 75, 12.40%, 0, 1, 4, 663.12
1522780740, 0, 5016, 5155, 4102, 74, 12.40%, 0, 1, 4, 933.10
1522780745, 0, 5032, 5165, 4110, 72, 12.40%, 0, 1, 4, 879.26
1522780750, 0, 5032, 5175, 4120, 72, 12.40%, 0, 1, 4, 830.75
1522780755, 0, 5045, 5180, 4123, 71, 12.40%, 0, 1, 4, 655.28
1522780765, 0, 5046, 5180, 4122, 70, 12.40%, 0, 1, 4, 1005.90
1522780771, 0, 5054, 5180, 4120, 68, 12.40%, 0, 1, 4, 600.08
1522780776, 0, 5054, 5185, 4124, 67, 12.40%, 0, 1, 4, 279.94
1522780781, 0, 5057, 5185, 4123, 68, 12.40%, 0, 1, 4, 30.23
1522780791, 0, 5075, 5185, 4121, 66, 12.40%, 0, 1, 4, 482.79
1522780796, 0, 5078, 5195, 4129, 66, 12.40%, 0, 1, 4, 367.71
1522780801, 0, 5085, 5195, 4128, 65, 12.40%, 0, 1, 4, 339.04
1522780806, 0, 5087, 5195, 4127, 64, 12.40%, 0, 1, 4, 733.46
1522780811, 0, 5091, 5195, 4126, 63, 12.40%, 0, 1, 4, 62.55
1522780816, 0, 5093, 5205, 4134, 66, 12.41%, 0, 1, 4, 733.85
1522780822, 0, 5105, 5208, 4130, 61, 12.42%, 0, 1, 4, 943.85
1522780827, 0, 5109, 5208, 4128, 59, 12.42%, 0, 1, 4, 776.97
1522780832, 0, 5109, 5209, 4129, 59, 12.42%, 0, 1, 4, 324.64
1522780837, 0, 5113, 5216, 4134, 60, 12.42%, 0, 1, 4, 779.84
1522780842, 0, 5115, 5217, 4134, 59, 12.42%, 0, 1, 4, 542.02
1522780847, 0, 5118, 5217, 4132, 57, 12.42%, 0, 1, 4, 871.78
1522780855, 0, 5121, 5223, 4137, 57, 12.42%, 0, 1, 4, 2.24
1522780860, 0, 5124, 5223, 4136, 56, 12.42%, 0, 1, 4, 672.19
1522780866, 0, 5129, 5223, 4133, 53, 12.42%, 0, 1, 4, 1065.10
1522780871, 0, 5131, 5228, 4136, 53, 12.42%, 0, 1, 4, 846.21
1522780876, 0, 5145, 5228, 4134, 51, 12.42%, 0, 1, 4, 671.75
1522780881, 0, 5148, 5228, 4133, 50, 12.42%, 0, 1, 4, 678.69
1522780886, 0, 5153, 5232, 4133, 47, 12.42%, 0, 1, 4, 973.31
1522780891, 0, 5158, 5234, 4133, 45, 12.44%, 0, 1, 4, 933.92
1522780896, 0, 5180, 5235, 4133, 44, 12.44%, 0, 1, 4, 586.34
1522780901, 0, 5181, 5235, 4132, 43, 12.44%, 0, 1, 4, 434.44
1522780907, 0, 5189, 5247, 4141, 41, 12.45%, 0, 1, 4, 1048.08
1522780912, 0, 5202, 5247, 4137, 37, 12.45%, 0, 1, 4, 868.54
1522780917, 0, 5203, 5250, 4139, 37, 12.45%, 0, 1, 4, 329.20
1522780922, 0, 5213, 5250, 4135, 33, 12.45%, 0, 1, 4, 804.19
1522780927, 0, 5218, 5258, 4140, 31, 12.45%, 0, 1, 4, 861.52
1522780932, 0, 5220, 5258, 4138, 29, 12.45%, 0, 1, 4, 912.08
1522780937, 0, 5222, 5271, 4150, 31, 12.46%, 0, 1, 4, 805.46
1522780942, 0, 5223, 5271, 4149, 30, 12.46%, 0, 1, 4, 673.98
1522780948, 0, 5229, 5271, 4147, 28, 12.46%, 0, 1, 4, 531.04
1522780953, 0, 5230, 5272, 4146, 26, 12.46%, 0, 1, 4, 542.59
1522780958, 0, 5242, 5280, 4153, 26, 12.46%, 0, 1, 4, 364.69
1522780963, 0, 5249, 5280, 4152, 25, 12.46%, 0, 1, 4, 343.84
1522780968, 0, 5262, 5280, 4150, 23, 12.46%, 0, 1, 4, 181.60
1522780979, 0, 5262, 5282, 4152, 23, 12.46%, 0, 1, 4, 204.16
1522780984, 0, 5269, 5295, 4163, 22, 12.47%, 0, 1, 4, 424.60
1522780989, 0, 5272, 5295, 4162, 21, 12.47%, 0, 1, 4, 508.18
1522780994, 0, 5293, 5299, 4163, 19, 12.47%, 0, 1, 4, 950.63
1522780999, 0, 5298, 5300, 4163, 18, 12.47%, 0, 1, 4, 604.73
1522781004, 1, 493, 5300, 4161, 17, 12.47%, 0, 1, 4, 854.00
1522781009, 1, 507, 5306, 4165, 16, 12.47%, 0, 1, 4, 976.23
1522781014, 1, 747, 5306, 4163, 15, 12.47%, 0, 1, 4, 159.80
1522781030, 1, 748, 5306, 4162, 15, 12.47%, 0, 1, 4, 1093.40
1522781035, 1, 865, 5317, 4172, 15, 12.47%, 0, 1, 4, 782.60
1522781040, 1, 1136, 5317, 4170, 15, 12.47%, 0, 1, 4, 911.07
1522781045, 1, 1174, 5317, 4169, 15, 12.47%, 0, 1, 4, 249.37
1522781050, 1, 1188, 5317, 4168, 15, 12.47%, 0, 1, 4, 612.78
1522781055, 1, 1211, 5323, 4172, 15, 12.47%, 0, 1, 4, 1064.29
1522781060, 1, 1372, 5323, 4170, 15, 12.47%, 0, 1, 4, 947.67
1522781065, 1, 1534, 5327, 4173, 14, 12.47%, 0, 1, 4, 1253.73
1522781070, 1, 1650, 5327, 4171, 13, 12.47%, 0, 1, 4, 1045.94
1522781076, 1, 1689, 5327, 4169, 12, 12.47%, 0, 1, 4, 970.41
1522781081, 1, 1821, 5329, 4170, 12, 12.47%, 0, 1, 4, 299.92
1522781091, 1, 1934, 5329, 4169, 11, 12.47%, 0, 1, 4, 152.13
1522781096, 1, 2137, 5329, 4167, 11, 12.47%, 0, 1, 4, 971.57
1522781101, 1, 2248, 5332, 4169, 10, 12.47%, 0, 1, 4, 210.66
1522781107, 1, 2295, 5332, 4168, 11, 12.47%, 0, 1, 4, 241.00
1522781117, 1, 2413, 5332, 4167, 10, 12.47%, 0, 1, 4, 1037.84
1522781122, 1, 2489, 5332, 4165, 9, 12.47%, 0, 1, 4, 1025.96
1522781127, 1, 3133, 5338, 4169, 9, 12.47%, 0, 1, 4, 274.56
1522781132, 1, 3199, 5338, 4166, 9, 12.47%, 0, 1, 4, 874.90
1522781137, 1, 3364, 5339, 4165, 8, 12.47%, 0, 1, 4, 1009.32
1522781143, 1, 3418, 5340, 4165, 8, 12.47%, 0, 1, 4, 541.71
1522781148, 1, 3534, 5340, 4163, 7, 12.47%, 0, 1, 4, 774.47
1522781153, 1, 3698, 5342, 4163, 6, 12.47%, 0, 1, 4, 156.08
1522781163, 1, 3793, 5342, 4161, 6, 12.47%, 0, 1, 4, 596.02
1522781168, 1, 3822, 5343, 4160, 5, 12.47%, 0, 1, 4, 773.93
1522781173, 1, 4100, 5346, 4161, 4, 12.47%, 0, 1, 4, 261.16
1522781178, 1, 4232, 5346, 4160, 4, 12.47%, 0, 1, 4, 515.52
1522781183, 1, 4341, 5351, 4164, 4, 12.47%, 0, 1, 4, 106.32
1522781194, 1, 4341, 5355, 4168, 4, 12.47%, 0, 1, 4, 195.06
1522781199, 1, 4341, 5356, 4169, 4, 12.47%, 0, 1, 4, 188.24
1522781204, 1, 4341, 5357, 4170, 4, 12.47%, 0, 1, 4, 187.84
1522781240, 1, 4353, 5357, 4169, 4, 12.47%, 0, 1, 4, 179.98
1522781245, 1, 4396, 5357, 4168, 4, 12.47%, 0, 1, 4, 258.24
1522781268, 1, 4405, 5357, 4168, 4, 12.47%, 0, 1, 4, 0.14
1522781273, 1, 4467, 5380, 4189, 6, 12.47%, 0, 1, 4, 1024.10
1522781278, 1, 4604, 5380, 4187, 5, 12.47%, 0, 1, 4, 193.75
1522781289, 1, 4901, 5380, 4185, 5, 12.47%, 0, 1, 4, 984.88
1522781294, 1, 5068, 5386, 4190, 9, 12.48%, 0, 1, 4, 208.97
1522781299, 1, 5068, 5387, 4191, 9, 12.48%, 0, 1, 4, 205.76
1522781305, 1, 5078, 5392, 4195, 9, 12.48%, 0, 1, 4, 0.81
1522781310, 1, 5149, 5392, 4194, 9, 12.48%, 0, 1, 4, 905.44
1522781315, 1, 5357, 5398, 4199, 11, 12.48%, 0, 1, 4, 897.62
1522781320, 1, 5362, 5398, 4198, 10, 12.48%, 0, 1, 4, 1024.58
1522781325, 1, 5362, 5399, 4199, 10, 12.48%, 0, 1, 4, 175.11
1522781330, 1, 5362, 5400, 4200, 10, 12.48%, 0, 1, 4, 174.48
1522781341, 1, 5363, 5400, 4199, 9, 12.48%, 0, 1, 4, 1190.85
1522781351, 1, 5366, 5400, 4198, 8, 12.48%, 0, 1, 4, 649.49
1522781356, 1, 5380, 5402, 4199, 7, 12.48%, 0, 1, 4, 808.25
1522781361, 1, 5380, 5403, 4200, 7, 12.49%, 0, 1, 4, 895.38
1522781366, 1, 5380, 5422, 4218, 6, 12.49%, 0, 1, 4, 89.41
1522781371, 1, 5385, 5425, 4221, 12, 12.49%, 0, 1, 4, 1020.89
1522781376, 1, 5392, 5426, 4221, 11, 12.49%, 0, 1, 4, 312.26
1522781387, 1, 5393, 5428, 4222, 10, 12.49%, 0, 1, 4, 414.80
1522781392, 1, 5400, 5428, 4221, 9, 12.49%, 0, 1, 4, 761.49
1522781397, 1, 5400, 5429, 4222, 9, 12.49%, 0, 1, 4, 860.74
1522781402, 1, 5401, 5431, 4223, 8, 12.50%, 0, 1, 4, 881.49
1522781430, 1, 5405, 5440, 4231, 9, 12.50%, 0, 1, 4, 0.60
1522781435, 1, 5407, 5441, 4231, 8, 12.50%, 0, 1, 4, 25.48
1522781445, 1, 5410, 5441, 4230, 7, 12.50%, 0, 1, 4, 777.50
1522781450, 1, 5430, 5444, 4232, 6, 12.51%, 0, 1, 4, 929.98
1522781460, 1, 5432, 5444, 4231, 7, 12.51%, 0, 1, 4, 931.30
1522781465, 1, 5432, 5445, 4231, 6, 12.51%, 0, 1, 4, 494.49
1522781471, 1, 5437, 5459, 4245, 8, 12.51%, 0, 1, 4, 537.21
1522781476, 1, 5441, 5459, 4244, 7, 12.51%, 0, 1, 4, 825.99
1522781481, 1, 5441, 5460, 4245, 7, 12.51%, 0, 1, 5, 924.62
1522781491, 1, 5443, 5460, 4244, 6, 12.51%, 0, 1, 5, 871.85
1522781501, 1, 5452, 5461, 4244, 5, 12.52%, 0, 1, 5, 1029.83
1522781506, 1, 5455, 5461, 4243, 5, 12.52%, 0, 1, 5, 399.46
1522781511, 1, 5455, 5464, 4246, 5, 12.52%, 0, 1, 5, 364.67
1522781516, 1, 5455, 5466, 4248, 5, 12.52%, 0, 1, 5, 351.09
1522781527, 1, 5455, 5468, 4250, 5, 12.52%, 0, 1, 5, 317.38
1522781537, 1, 5455, 5468, 4249, 4, 12.52%, 0, 1, 5, 267.60
1522781547, 1, 5455, 5500, 4281, 4, 12.52%, 0, 1, 5, 5.33
1522781553, 1, 5467, 5501, 4281, 9, 12.52%, 0, 1, 5, 68.63
1522781563, 1, 5474, 5502, 4281, 8, 12.52%, 0, 1, 5, 415.17
1522781573, 1, 5476, 5502, 4280, 7, 12.52%, 0, 1, 5, 70.21
1522781593, 1, 5489, 5502, 4279, 6, 12.52%, 0, 1, 5, 889.49
1522781598, 1, 5489, 5511, 4287, 5, 12.52%, 0, 1, 5, 107.86
1522781603, 1, 5506, 5526, 4302, 7, 12.52%, 0, 1, 5, 1071.50
1522781609, 1, 5510, 5526, 4301, 6, 12.52%, 0, 1, 5, 869.92
1522781614, 1, 5518, 5526, 4300, 5, 12.52%, 0, 1, 5, 24.39
1522781624, 1, 5521, 5526, 4299, 4, 12.52%, 0, 1, 5, 629.99
1522781634, 2, 319, 5544, 4315, 5, 12.52%, 0, 1, 5, 1222.07
1522781639, 2, 676, 5544, 4314, 5, 12.52%, 0, 1, 5, 205.83
1522781645, 2, 711, 5544, 4313, 5, 12.52%, 0, 1, 5, 603.67
1522781650, 2, 1215, 5555, 4322, 5, 12.52%, 0, 1, 5, 575.94
1522781655, 2, 1402, 5555, 4320, 5, 12.52%, 0, 1, 5, 932.75
1522781660, 2, 1444, 5555, 4319, 5, 12.52%, 0, 1, 5, 759.38
1522781665, 2, 1730, 5568, 4330, 5, 12.52%, 0, 1, 5, 947.18
1522781670, 2, 1778, 5570, 4331, 5, 12.52%, 0, 1, 5, 74.94
1522781675, 2, 1831, 5570, 4330, 4, 12.52%, 0, 1, 5, 787.22
1522781680, 2, 1906, 5570, 4329, 4, 12.52%, 0, 1, 5, 219.56
1522781691, 2, 1996, 5582, 4339, 4, 12.52%, 0, 1, 5, 110.28
1522781696, 2, 2241, 5584, 4340, 5, 12.52%, 0, 1, 5, 759.59
1522781701, 2, 2410, 5584, 4339, 5, 12.52%, 0, 1, 5, 554.20
1522781706, 2, 2443, 5585, 4339, 5, 12.52%, 0, 1, 5, 34.20
1522781711, 2, 2498, 5585, 4338, 5, 12.52%, 0, 1, 5, 141.02
1522781726, 2, 2498, 5600, 4352, 5, 12.52%, 0, 1, 5, 27.54
1522781731, 2, 2685, 5604, 4355, 6, 12.52%, 0, 1, 5, 1152.71
1522781736, 2, 2931, 5605, 4354, 6, 12.52%, 0, 1, 5, 802.31
1522781751, 2, 2964, 5616, 4363, 7, 12.52%, 0, 1, 5, 1171.42
1522781756, 2, 3087, 5617, 4363, 7, 12.52%, 0, 1, 5, 62.76
1522781772, 2, 3145, 5620, 4365, 7, 12.52%, 0, 1, 5, 121.88
1522781777, 2, 3421, 5620, 4364, 7, 12.52%, 0, 1, 5, 176.86
1522781787, 2, 3421, 5627, 4370, 7, 12.52%, 0, 1, 5, 186.86
1522781792, 2, 3759, 5635, 4376, 11, 12.53%, 0, 1, 5, 1008.49
1522781797, 2, 3761, 5635, 4376, 11, 12.53%, 0, 1, 5, 876.69
1522781803, 2, 4466, 5643, 4380, 11, 12.53%, 0, 1, 5, 1041.02
1522781808, 2, 4841, 5645, 4382, 11, 12.53%, 0, 1, 5, 962.15
1522781813, 2, 4861, 5645, 4381, 11, 12.53%, 0, 1, 5, 290.62
1522781818, 2, 5054, 5645, 4380, 11, 12.53%, 0, 1, 5, 16.15
1522781823, 2, 5249, 5645, 4380, 11, 12.53%, 0, 1, 5, 409.40
1522781828, 2, 5385, 5647, 4381, 11, 12.53%, 0, 1, 5, 637.21
1522781833, 2, 5419, 5660, 4394, 13, 12.53%, 0, 1, 5, 104.62
1522781854, 2, 5438, 5660, 4393, 13, 12.53%, 0, 1, 5, 818.76
1522781859, 2, 5531, 5660, 4392, 13, 12.53%, 0, 1, 5, 1020.45
1522781864, 2, 5535, 5660, 4391, 12, 12.53%, 0, 1, 5, 24.24
1522781874, 2, 5576, 5660, 4390, 11, 12.53%, 0, 1, 5, 408.09
1522781879, 2, 5589, 5683, 4412, 10, 12.53%, 0, 1, 5, 380.90
1522781890, 2, 5623, 5683, 4410, 8, 12.53%, 0, 1, 5, 651.38
1522781895, 2, 5627, 5683, 4409, 7, 12.53%, 0, 1, 5, 382.96
1522781905, 2, 5631, 5684, 4408, 5, 12.53%, 0, 1, 5, 788.87
1522781910, 2, 5642, 5691, 4415, 7, 12.53%, 0, 1, 5, 348.64
1522781915, 2, 5645, 5691, 4414, 6, 12.53%, 0, 1, 5, 843.48
1522781920, 2, 5654, 5692, 4414, 5, 12.53%, 0, 1, 5, 620.90
1522781925, 2, 5656, 5692, 4413, 4, 12.53%, 0, 1, 5, 456.99
1522781931, 2, 5656, 5693, 4414, 4, 12.53%, 0, 1, 5, 447.55
1522781936, 2, 5682, 5693, 4413, 3, 12.53%, 0, 1, 5, 948.41
1522781941, 2, 5683, 5707, 4426, 2, 12.53%, 0, 1, 5, 996.54
1522781946, 3, 24, 5707, 4424, 1, 12.53%, 0, 1, 5, 1143.63
1522781951, 3, 245, 5707, 4422, 1, 12.53%, 0, 1, 5, 1040.69
1522781956, 3, 246, 5722, 4436, 5, 12.54%, 0, 1, 5, 903.06
1522781962, 3, 632, 5722, 4435, 5, 12.54%, 0, 1, 5, 1112.69
1522781967, 3, 775, 5722, 4433, 5, 12.54%, 0, 1, 5, 1182.94
1522781972, 3, 1515, 5726, 4434, 6, 12.54%, 0, 1, 5, 912.70
1522781977, 3, 1550, 5727, 4434, 6, 12.54%, 0, 1, 5, 1133.34
1522781982, 3, 1598, 5733, 4438, 5, 12.54%, 0, 1, 5, 1304.61
1522781987, 3, 1819, 5734, 4438, 5, 12.54%, 0, 1, 5, 679.45
1522781992, 3, 1840, 5734, 4437, 5, 12.54%, 0, 1, 5, 24.24
1522782004, 3, 2063, 5735, 4437, 5, 12.54%, 0, 1, 5, 0.00
1522782009, 3, 2339, 5740, 4440, 6, 12.54%, 0, 1, 5, 144.36
1522782019, 3, 2669, 5740, 4439, 6, 12.54%, 0, 1, 5, 604.01
1522782025, 3, 2715, 5749, 4447, 7, 12.54%, 0, 1, 5, 1076.84
1522782030, 3, 3016, 5749, 4445, 7, 12.54%, 0, 1, 5, 676.15
1522782035, 3, 3052, 5749, 4445, 7, 12.54%, 0, 1, 5, 404.72
1522782040, 3, 3306, 5757, 4452, 8, 12.54%, 0, 1, 5, 885.28
1522782045, 3, 3431, 5757, 4451, 8, 12.54%, 0, 1, 5, 727.20
1522782055, 3, 3569, 5758, 4451, 8, 12.54%, 0, 1, 5, 964.91
1522782060, 3, 3674, 5758, 4450, 8, 12.54%, 0, 1, 5, 165.80
1522782070, 3, 3674, 5763, 4454, 8, 12.54%, 0, 1, 5, 163.24
1522782075, 3, 4111, 5772, 4461, 8, 12.54%, 0, 1, 5, 944.45
1522782081, 3, 4286, 5772, 4461, 8, 12.54%, 0, 1, 5, 736.32
1522782086, 3, 4347, 5772, 4460, 8, 12.54%, 0, 1, 5, 211.33
1522782091, 3, 4347, 5782, 4469, 8, 12.54%, 0, 1, 5, 286.39
1522782096, 3, 4924, 5786, 4473, 12, 12.54%, 0, 1, 5, 489.89
1522782101, 3, 5254, 5787, 4474, 12, 12.54%, 0, 1, 5, 437.09
1522782106, 3, 5519, 5789, 4475, 12, 12.54%, 0, 1, 5, 386.98
1522782126, 3, 5613, 5789, 4474, 12, 12.54%, 0, 1, 5, 213.22
1522782136, 3, 5719, 5789, 4473, 12, 12.54%, 0, 1, 5, 1238.81
1522782141, 3, 5721, 5789, 4471, 11, 12.54%, 0, 1, 5, 1103.58
1522782146, 3, 5722, 5793, 4474, 10, 12.54%, 0, 1, 5, 1067.18
1522782151, 3, 5722, 5794, 4475, 10, 12.54%, 0, 1, 5, 181.67
1522782157, 3, 5739, 5794, 4474, 9, 12.54%, 0, 1, 5, 138.62
1522782162, 3, 5739, 5796, 4476, 9, 12.54%, 0, 1, 5, 113.98
1522782167, 3, 5739, 5797, 4477, 9, 12.54%, 0, 1, 5, 127.80
1522782182, 3, 5746, 5797, 4476, 9, 12.54%, 0, 1, 5, 639.26
1522782192, 3, 5752, 5804, 4480, 6, 12.55%, 0, 1, 5, 95.92
1522782197, 3, 5754, 5805, 4481, 8, 12.55%, 0, 1, 5, 1202.08
1522782202, 3, 5773, 5809, 4484, 7, 12.55%, 0, 1, 5, 955.25
1522782208, 3, 5773, 5810, 4485, 7, 12.55%, 0, 1, 5, 856.51
1522782213, 3, 5784, 5810, 4483, 8, 12.55%, 0, 1, 5, 800.00
1522782218, 3, 5787, 5810, 4482, 7, 12.55%, 0, 1, 5, 903.18
1522782223, 3, 5802, 5816, 4487, 9, 12.57%, 0, 1, 5, 969.20
1522782228, 3, 5804, 5817, 4487, 8, 12.57%, 0, 1, 5, 801.08
1522782233, 3, 5805, 5819, 4488, 7, 12.57%, 0, 1, 5, 857.22
1522782238, 3, 5805, 5822, 4491, 7, 12.57%, 0, 1, 5, 832.49
1522782244, 3, 5806, 5825, 4493, 8, 12.57%, 0, 1, 5, 800.14
1522782254, 3, 5808, 5827, 4494, 9, 12.57%, 0, 1, 5, 891.23
1522782264, 3, 5811, 5832, 4498, 8, 12.57%, 0, 1, 5, 912.54
1522782269, 3, 5817, 5838, 4501, 6, 12.58%, 0, 1, 5, 996.24
1522782279, 3, 5823, 5839, 4501, 6, 12.58%, 0, 1, 5, 858.32
1522782284, 3, 5832, 5851, 4512, 6, 12.58%, 0, 1, 5, 850.13
1522782294, 3, 5834, 5851, 4511, 5, 12.58%, 0, 1, 5, 1.19
1522782304, 3, 5835, 5851, 4510, 4, 12.58%, 0, 1, 5, 869.18
1522782314, 3, 5837, 5851, 4509, 3, 12.58%, 0, 1, 5, 956.37
1522782325, 4, 198, 5859, 4515, 4, 12.58%, 0, 1, 5, 665.22
1522782330, 4, 418, 5859, 4512, 4, 12.58%, 0, 1, 5, 955.28
1522782335, 4, 679, 5861, 4512, 3, 12.58%, 0, 1, 5, 1082.33
1522782340, 4, 1117, 5861, 4510, 3, 12.58%, 0, 1, 5, 1036.77
1522782345, 4, 1207, 5861, 4508, 3, 12.58%, 0, 1, 5, 926.97
1522782350, 4, 1725, 5863, 4509, 3, 12.58%, 0, 1, 5, 920.84
1522782355, 4, 1823, 5863, 4508, 3, 12.58%, 0, 1, 5, 24.35
1522782365, 4, 1954, 5863, 4507, 3, 12.58%, 0, 1, 5, 39.42
1522782371, 4, 1989, 5863, 4506, 3, 12.58%, 0, 1, 5, 65.35
1522782381, 4, 2021, 5873, 4515, 6, 12.58%, 0, 1, 5, 1287.48
1522782386, 4, 2391, 5873, 4512, 5, 12.58%, 0, 1, 5, 1063.88
1522782391, 4, 2485, 5878, 4515, 5, 12.58%, 0, 1, 5, 170.33
1522782401, 4, 2528, 5878, 4514, 5, 12.58%, 0, 1, 5, 1116.16
1522782406, 4, 2726, 5878, 4511, 5, 12.58%, 0, 1, 5, 150.50
1522782411, 4, 3061, 5882, 4514, 6, 12.58%, 0, 1, 5, 77.31
1522782422, 4, 3089, 5882, 4513, 6, 12.58%, 0, 1, 5, 1034.61
1522782439, 4, 3318, 5882, 4512, 6, 12.58%, 0, 1, 5, 116.29
1522782449, 4, 3400, 5890, 4518, 6, 12.58%, 0, 1, 5, 325.51
1522782460, 4, 3574, 5890, 4517, 6, 12.58%, 0, 1, 5, 53.63
1522782470, 4, 3862, 5890, 4516, 6, 12.58%, 0, 1, 5, 656.85
1522782475, 4, 4344, 5895, 4519, 6, 12.58%, 0, 1, 5, 797.40
1522782480, 4, 4581, 5895, 4519, 6, 12.58%, 0, 1, 5, 196.25
1522782485, 4, 4793, 5901, 4523, 6, 12.58%, 0, 1, 5, 74.94
1522782490, 4, 4955, 5902, 4522, 4, 12.58%, 0, 1, 5, 1057.08
1522782495, 4, 5082, 5902, 4520, 4, 12.58%, 0, 1, 5, 1060.74
1522782500, 4, 5379, 5902, 4518, 4, 12.58%, 0, 1, 5, 842.51
1522782505, 4, 5387, 5902, 4517, 4, 12.58%, 0, 1, 5, 173.84
1522782521, 4, 5536, 5902, 4516, 4, 12.58%, 0, 1, 5, 161.90
1522782540, 4, 5536, 5903, 4517, 4, 12.58%, 0, 1, 5, 150.57
1522782545, 4, 5555, 5903, 4516, 5, 12.58%, 0, 1, 5, 457.19
1522782555, 4, 5835, 5913, 4525, 7, 12.59%, 0, 1, 5, 737.07
1522782565, 4, 5852, 5913, 4524, 7, 12.59%, 0, 1, 5, 227.48
1522782571, 4, 5852, 5915, 4526, 7, 12.59%, 0, 1, 5, 324.96
1522782586, 4, 5867, 5915, 4525, 6, 12.59%, 0, 1, 5, 1380.00
1522782596, 4, 5872, 5924, 4533, 6, 12.59%, 0, 1, 5, 1243.30
1522782601, 4, 5892, 5924, 4532, 5, 12.59%, 0, 1, 5, 1186.82
1522782606, 4, 5902, 5924, 4531, 4, 12.59%, 0, 1, 5, 168.99
1522782611, 4, 5902, 5926, 4533, 4, 12.59%, 0, 1, 5, 214.58
1522782626, 4, 5902, 5927, 4534, 4, 12.59%, 0, 1, 5, 188.62
1522782637, 4, 5911, 5927, 4532, 3, 12.59%, 0, 1, 5, 795.45
1522782642, 4, 5911, 5929, 4534, 3, 12.59%, 0, 1, 5, 747.90
1522782652, 4, 5917, 5947, 4551, 4, 12.59%, 0, 1, 5, 81.44
1522782662, 4, 5917, 5948, 4552, 4, 12.59%, 0, 1, 5, 307.27
1522782680, 4, 5925, 5948, 4551, 3, 12.59%, 0, 1, 5, 327.27
1522782690, 4, 5927, 5948, 4550, 2, 12.59%, 0, 1, 5, 451.13
1522782700, 4, 5930, 5948, 4549, 1, 12.59%, 0, 1, 5, 870.37
1522782705, 4, 5930, 5951, 4552, 1, 12.60%, 0, 1, 5, 625.44
1522782710, 4, 5930, 5952, 4553, 1, 12.60%, 0, 1, 5, 591.93
1522782716, 4, 5930, 5954, 4555, 1, 12.61%, 0, 1, 5, 353.69
1522782721, 4, 5949, 5954, 4554, 3, 12.61%, 0, 1, 5, 452.94
1522782726, 4, 5949, 5955, 4555, 3, 12.61%, 0, 1, 5, 582.80
1522782731, 4, 5949, 5957, 4557, 3, 12.61%, 0, 1, 5, 625.93
1522782741, 4, 5951, 5978, 4577, 3, 12.61%, 0, 1, 5, 666.59
1522782751, 4, 5951, 5979, 4578, 3, 12.61%, 0, 1, 5, 517.42
1522782756, 4, 5951, 5981, 4580, 3, 12.61%, 0, 1, 5, 459.36
1522782772, 4, 5953, 5981, 4579, 3, 12.61%, 0, 1, 5, 592.48
1522782782, 4, 5973, 5981, 4578, 2, 12.61%, 0, 1, 5, 515.81
1522782792, 4, 5980, 5982, 4578, 1, 12.61%, 0, 1, 5, 418.50
1522782801, 4, 5980, 5985, 4581, 1, 12.61%, 0, 1, 5, 2.49
1522782806, 4, 5980, 5986, 4582, 1, 12.61%, 0, 1, 5, 457.66
1522782811, 4, 5980, 5987, 4583, 1, 12.61%, 0, 1, 5, 466.08
1522782821, 4, 5981, 5987, 4582, 0, 12.61%, 0, 1, 5, 440.41
1522782836, 4, 5981, 6014, 4608, 0, 12.61%, 0, 1, 5, 240.10
1522782842, 4, 5991, 6017, 4611, 4, 12.61%, 0, 1, 5, 505.52
1522782857, 4, 5999, 6017, 4610, 3, 12.61%, 0, 1, 5, 848.65
1522782862, 4, 5999, 6018, 4611, 3, 12.61%, 0, 1, 5, 741.18
1522782867, 4, 6007, 6018, 4610, 2, 12.61%, 0, 1, 5, 437.37
1522782877, 4, 6007, 6019, 4611, 2, 12.61%, 0, 1, 5, 266.29
1522782883, 4, 6013, 6022, 4613, 1, 12.61%, 0, 1, 5, 449.28
1522782899, 4, 6021, 6022, 4612, 0, 12.61%, 0, 1, 5, 5.00
1522782914, 4, 6022, 6036, 4625, 5, 12.63%, 0, 1, 5, 370.26
1522782925, 4, 6026, 6036, 4624, 4, 12.63%, 0, 1, 5, 501.27
1522782930, 4, 6027, 6037, 4624, 4, 12.63%, 0, 1, 5, 1265.52
1522782940, 4, 6031, 6039, 4625, 3, 12.63%, 0, 1, 5, 604.49
1522782945, 4, 6031, 6041, 4627, 3, 12.63%, 0, 1, 5, 580.88
1522782950, 4, 6031, 6043, 4629, 3, 12.63%, 0, 1, 5, 506.74
1522782960, 4, 6034, 6046, 4631, 5, 12.63%, 0, 1, 5, 530.22
1522782965, 4, 6034, 6047, 4632, 5, 12.63%, 0, 1, 5, 561.15
1522782975, 4, 6034, 6061, 4645, 4, 12.63%, 0, 1, 5, 364.56
1522782981, 4, 6035, 6061, 4645, 7, 12.63%, 0, 1, 5, 1.66
1522782997, 4, 6039, 6061, 4644, 6, 12.63%, 0, 1, 5, 680.04
1522783013, 4, 6042, 6063, 4645, 5, 12.63%, 0, 1, 5, 428.98
1522783026, 4, 6042, 6065, 4647, 5, 12.63%, 0, 1, 5, 2.92
1522783036, 4, 6049, 6065, 4646, 5, 12.63%, 0, 1, 5, 584.21
1522783046, 4, 6050, 6067, 4647, 4, 12.63%, 0, 1, 5, 476.77
1522783061, 4, 6050, 6073, 4652, 3, 12.64%, 0, 1, 5, 514.56
1522783066, 4, 6060, 6078, 4657, 5, 12.64%, 0, 1, 5, 331.16
1522783077, 4, 6060, 6081, 4660, 5, 12.64%, 0, 1, 5, 359.91
1522783082, 4, 6063, 6081, 4659, 4, 12.64%, 0, 1, 5, 529.53
1522783087, 4, 6068, 6081, 4658, 3, 12.64%, 0, 1, 5, 27.68
1522783102, 4, 6070, 6081, 4657, 2, 12.64%, 0, 1, 5, 42.80
1522783108, 4, 6070, 6082, 4658, 2, 12.64%, 0, 1, 5, 537.45
1522783123, 4, 6081, 6083, 4658, 2, 12.64%, 0, 1, 5, 468.32
1522783138, 4, 6082, 6087, 4661, 4, 12.64%, 0, 1, 5, 404.05
1522783154, 4, 6083, 6087, 4660, 3, 12.64%, 0, 1, 5, 380.26
1522783169, 4, 6084, 6087, 4659, 2, 12.64%, 0, 1, 5, 554.45
1522783179, 5, 177, 6087, 4658, 1, 12.64%, 0, 1, 5, 754.41
1522783184, 5, 417, 6093, 4662, 2, 12.64%, 0, 1, 5, 926.67
1522783190, 5, 550, 6093, 4660, 2, 12.64%, 0, 1, 5, 994.39
1522783195, 5, 752, 6093, 4658, 2, 12.64%, 0, 1, 5, 733.53
1522783200, 5, 806, 6093, 4656, 2, 12.64%, 0, 1, 5, 127.45
1522783210, 5, 907, 6093, 4655, 2, 12.64%, 0, 1, 5, 1278.65
1522783215, 5, 1087, 6099, 4659, 4, 12.64%, 0, 1, 5, 748.21
1522783220, 5, 1628, 6099, 4656, 4, 12.64%, 0, 1, 5, 935.57
1522783225, 5, 1810, 6100, 4656, 5, 12.65%, 0, 1, 5, 151.85
1522783230, 5, 1931, 6100, 4655, 5, 12.65%, 0, 1, 5, 205.26
1522783240, 5, 1936, 6100, 4654, 5, 12.65%, 0, 1, 5, 388.51
1522783251, 5, 1986, 6100, 4653, 5, 12.65%, 0, 1, 5, 547.38
1522783256, 5, 2207, 6104, 4655, 6, 12.65%, 0, 1, 5, 727.28
1522783261, 5, 2385, 6104, 4653, 6, 12.65%, 0, 1, 5, 685.42
1522783266, 5, 2423, 6107, 4654, 6, 12.65%, 0, 1, 5, 617.29
1522783271, 5, 2566, 6107, 4654, 6, 12.65%, 0, 1, 5, 278.15
1522783282, 5, 2938, 6107, 4652, 6, 12.65%, 0, 1, 5, 827.05
1522783287, 5, 3107, 6107, 4650, 6, 12.65%, 0, 1, 5, 867.96
1522783292, 5, 3184, 6107, 4649, 6, 12.65%, 0, 1, 5, 156.86
1522783302, 5, 3310, 6113, 4654, 6, 12.65%, 0, 1, 5, 1306.47
1522783307, 5, 3854, 6113, 4652, 6, 12.65%, 0, 1, 5, 1039.42
1522783312, 5, 4145, 6115, 4652, 6, 12.65%, 0, 1, 5, 934.37
1522783317, 5, 4152, 6115, 4651, 6, 12.65%, 0, 1, 5, 567.36
1522783322, 5, 4516, 6115, 4650, 6, 12.65%, 0, 1, 5, 519.94
1522783327, 5, 4550, 6117, 4651, 5, 12.65%, 0, 1, 5, 494.01
1522783333, 5, 5106, 6117, 4649, 5, 12.65%, 0, 1, 5, 948.64
1522783338, 5, 5195, 6118, 4648, 5, 12.65%, 0, 1, 5, 151.27
1522783353, 5, 5681, 6118, 4647, 5, 12.65%, 0, 1, 5, 248.14
1522783358, 5, 5879, 6120, 4648, 5, 12.65%, 0, 1, 5, 542.14
1522783363, 5, 5879, 6121, 4649, 5, 12.65%, 0, 1, 5, 503.44
1522783368, 5, 5879, 6123, 4651, 5, 12.65%, 0, 1, 5, 484.48
1522783383, 5, 6038, 6123, 4650, 5, 12.65%, 0, 1, 5, 319.21
1522783393, 5, 6089, 6123, 4649, 5, 12.65%, 0, 1, 5, 59.07
1522783409, 5, 6094, 6123, 4648, 4, 12.65%, 0, 1, 5, 683.15
1522783419, 5, 6099, 6128, 4651, 2, 12.65%, 0, 1, 5, 980.37
1522783424, 5, 6104, 6134, 4657, 3, 12.65%, 0, 1, 5, 578.37
1522783434, 5, 6108, 6134, 4656, 2, 12.65%, 0, 1, 5, 534.16
1522783450, 5, 6131, 6134, 4655, 1, 12.65%, 0, 1, 5, 942.78
1522783455, 6, 7, 6137, 4656, 0, 12.65%, 0, 1, 5, 859.32
1522783460, 6, 21, 6137, 4653, 0, 12.65%, 0, 1, 5, 908.99
1522783465, 6, 29, 6137, 4651, 0, 12.65%, 0, 1, 5, 1020.27
1522783470, 6, 38, 6137, 4649, 0, 12.65%, 0, 1, 5, 1067.60
1522783475, 6, 278, 6143, 4653, 3, 12.65%, 0, 1, 5, 992.79
1522783480, 6, 661, 6143, 4651, 3, 12.65%, 0, 1, 5, 152.21
1522783490, 6, 1004, 6144, 4651, 3, 12.65%, 0, 1, 5, 397.36
1522783496, 6, 1122, 6147, 4653, 3, 12.65%, 0, 1, 5, 131.90
1522783506, 6, 1426, 6147, 4651, 3, 12.65%, 0, 1, 5, 675.45
1522783511, 6, 1509, 6149, 4651, 3, 12.65%, 0, 1, 5, 772.90
1522783516, 6, 1649, 6149, 4648, 3, 12.65%, 0, 1, 5, 884.62
1522783521, 6, 1697, 6149, 4646, 3, 12.65%, 0, 1, 5, 860.17
1522783526, 6, 1799, 6149, 4644, 3, 12.65%, 0, 1, 5, 889.34
1522783531, 6, 2053, 6149, 4644, 3, 12.65%, 0, 1, 5, 790.36
1522783537, 6, 2185, 6151, 4644, 4, 12.65%, 0, 1, 5, 904.60
1522783542, 6, 2473, 6151, 4643, 4, 12.65%, 0, 1, 5, 616.46
1522783547, 6, 2486, 6154, 4645, 4, 12.65%, 0, 1, 5, 665.00
1522783552, 6, 2843, 6154, 4644, 4, 12.65%, 0, 1, 5, 133.20
1522783562, 6, 2937, 6155, 4643, 4, 12.65%, 0, 1, 5, 666.68
1522783567, 6, 3083, 6155, 4642, 4, 12.65%, 0, 1, 5, 116.27
1522783572, 6, 3134, 6155, 4641, 4, 12.65%, 0, 1, 5, 982.94
1522783577, 6, 3531, 6155, 4640, 4, 12.65%, 0, 1, 5, 743.98
1522783583, 6, 3676, 6157, 4640, 4, 12.65%, 0, 1, 5, 525.89
1522783588, 6, 3865, 6158, 4640, 4, 12.65%, 0, 1, 5, 88.23
1522783598, 6, 4022, 6158, 4639, 4, 12.65%, 0, 1, 5, 581.00
1522783603, 6, 4275, 6158, 4638, 4, 12.65%, 0, 1, 5, 433.66
1522783613, 6, 4412, 6161, 4640, 5, 12.65%, 0, 1, 5, 429.28
1522783618, 6, 4787, 6161, 4640, 5, 12.65%, 0, 1, 5, 98.01
1522783634, 6, 4923, 6161, 4639, 5, 12.65%, 0, 1, 5, 936.06
1522783639, 6, 5197, 6170, 4648, 5, 12.65%, 0, 1, 5, 449.40
1522783644, 6, 5610, 6171, 4649, 5, 12.65%, 0, 1, 5, 90.11
1522783654, 6, 5698, 6171, 4648, 5, 12.65%, 0, 1, 5, 205.23
1522783659, 6, 5735, 6171, 4647, 5, 12.65%, 0, 1, 5, 384.92
1522783669, 6, 5782, 6171, 4646, 5, 12.65%, 0, 1, 5, 276.32
1522783674, 6, 5791, 6177, 4651, 5, 12.65%, 0, 1, 5, 132.01
1522783685, 6, 5791, 6179, 4653, 5, 12.65%, 0, 1, 5, 327.73
1522783695, 6, 5859, 6179, 4652, 5, 12.65%, 0, 1, 5, 553.51
1522783705, 6, 6085, 6179, 4650, 5, 12.65%, 0, 1, 5, 928.92
1522783715, 6, 6085, 6180, 4651, 5, 12.65%, 0, 1, 5, 426.72
1522783720, 6, 6139, 6180, 4650, 6, 12.65%, 0, 1, 5, 496.73
1522783736, 6, 6142, 6191, 4660, 6, 12.66%, 0, 1, 5, 579.51
1522783746, 6, 6144, 6193, 4661, 5, 12.66%, 0, 1, 5, 850.08
1522783756, 6, 6150, 6193, 4660, 5, 12.66%, 0, 1, 5, 994.74
1522783771, 6, 6159, 6194, 4660, 4, 12.66%, 0, 1, 5, 911.14
1522783776, 6, 6179, 6194, 4659, 4, 12.66%, 0, 1, 5, 793.23
1522783781, 6, 6179, 6197, 4662, 4, 12.66%, 0, 1, 5, 621.52
1522783797, 6, 6191, 6212, 4676, 5, 12.66%, 0, 1, 5, 995.80
1522783807, 6, 6193, 6212, 4675, 4, 12.66%, 0, 1, 5, 986.22
1522783812, 6, 6198, 6213, 4675, 4, 12.66%, 0, 1, 5, 158.53
1522783827, 6, 6203, 6213, 4674, 3, 12.66%, 0, 1, 5, 229.51
1522783837, 6, 6203, 6214, 4675, 3, 12.66%, 0, 1, 5, 269.16
1522783842, 6, 6205, 6214, 4674, 3, 12.66%, 0, 1, 5, 364.13
1522783847, 6, 6205, 6216, 4676, 3, 12.66%, 0, 1, 5, 560.75
1522783863, 6, 6212, 6230, 4689, 5, 12.66%, 0, 1, 5, 1259.07
1522783873, 6, 6213, 6230, 4688, 4, 12.66%, 0, 1, 5, 289.75
1522783878, 6, 6213, 6231, 4689, 4, 12.66%, 0, 1, 5, 262.43
1522783888, 6, 6213, 6232, 4690, 4, 12.66%, 0, 1, 5, 293.75
1522783893, 6, 6213, 6234, 4692, 4, 12.66%, 0, 1, 5, 235.59
1522783899, 6, 6222, 6234, 4691, 3, 12.66%, 0, 1, 5, 282.78
1522783904, 6, 6222, 6235, 4692, 3, 12.66%, 0, 1, 5, 265.16
1522783914, 6, 6228, 6235, 4691, 2, 12.66%, 0, 1, 5, 460.64
1522783924, 6, 6229, 6235, 4690, 1, 12.66%, 0, 1, 5, 511.86
1522783929, 6, 6229, 6236, 4691, 1, 12.66%, 0, 1, 5, 636.54
1522783944, 6, 6237, 6245, 4699, 0, 12.66%, 0, 1, 5, 24.11
1522783950, 6, 6237, 6246, 4700, 0, 12.66%, 0, 1, 5, 261.34
1522783955, 6, 6237, 6247, 4701, 0, 12.66%, 0, 1, 5, 226.85
1522783975, 6, 6239, 6247, 4700, 0, 12.66%, 0, 1, 5, 196.49
1522783980, 6, 6239, 6248, 4701, 0, 12.66%, 0, 1, 5, 173.39
1522783996, 6, 6246, 6248, 4700, 0, 12.66%, 0, 1, 5, 24.10
1522784016, 7, 12, 6248, 4698, 0, 12.66%, 0, 1, 5, 1125.38
1522784021, 7, 37, 6253, 4702, 0, 12.66%, 0, 1, 5, 1144.83
1522784026, 7, 44, 6254, 4701, 0, 12.66%, 0, 1, 5, 1035.00
1522784032, 7, 53, 6254, 4699, 0, 12.66%, 0, 1, 5, 1013.38
1522784037, 7, 61, 6256, 4699, 0, 12.66%, 0, 1, 5, 984.18
1522784042, 7, 64, 6256, 4698, 0, 12.66%, 0, 1, 5, 1031.82
1522784047, 7, 73, 6257, 4696, 0, 12.66%, 0, 1, 5, 1121.54
1522784052, 7, 79, 6258, 4695, 0, 12.66%, 0, 1, 5, 983.07
1522784057, 7, 100, 6258, 4694, 0, 12.66%, 0, 1, 5, 949.60
1522784062, 7, 109, 6262, 4696, 0, 12.66%, 0, 1, 5, 1087.34
1522784067, 7, 112, 6262, 4695, 0, 12.66%, 0, 1, 5, 998.19
1522784072, 7, 119, 6262, 4693, 0, 12.66%, 0, 1, 5, 987.91
1522784077, 7, 131, 6262, 4690, 0, 12.66%, 0, 1, 5, 915.78
1522784082, 7, 223, 6263, 4690, 1, 12.66%, 0, 1, 5, 874.81
1522784087, 7, 571, 6263, 4689, 1, 12.66%, 0, 1, 5, 951.06
1522784092, 7, 699, 6266, 4690, 4, 12.66%, 0, 1, 5, 1110.22
1522784097, 7, 828, 6266, 4689, 4, 12.66%, 0, 1, 5, 758.49
1522784103, 7, 1015, 6270, 4691, 5, 12.66%, 0, 1, 5, 806.26
1522784108, 7, 1283, 6270, 4689, 5, 12.66%, 0, 1, 5, 147.78
1522784118, 7, 1365, 6270, 4688, 5, 12.66%, 0, 1, 5, 414.50
1522784123, 7, 1478, 6273, 4690, 6, 12.66%, 0, 1, 5, 854.79
1522784128, 7, 1825, 6273, 4688, 6, 12.66%, 0, 1, 5, 76.88
1522784138, 7, 1913, 6273, 4687, 6, 12.66%, 0, 1, 5, 372.60
1522784143, 7, 1913, 6276, 4689, 6, 12.66%, 0, 1, 5, 262.27
1522784148, 7, 2119, 6279, 4692, 7, 12.66%, 0, 1, 5, 811.62
1522784154, 7, 2968, 6279, 4689, 7, 12.66%, 0, 1, 5, 783.93
1522784159, 7, 2981, 6279, 4689, 7, 12.66%, 0, 1, 5, 1047.68
1522784164, 7, 3221, 6279, 4687, 7, 12.66%, 0, 1, 5, 801.43
1522784169, 7, 3323, 6282, 4688, 7, 12.66%, 0, 1, 5, 1064.24
1522784174, 7, 3502, 6282, 4686, 5, 12.66%, 0, 1, 5, 1081.96
1522784179, 7, 3542, 6284, 4687, 5, 12.66%, 0, 1, 5, 173.57
1522784184, 7, 3592, 6285, 4687, 5, 12.66%, 0, 1, 5, 297.95
1522784189, 7, 3841, 6285, 4685, 5, 12.66%, 0, 1, 5, 791.08
1522784194, 7, 3879, 6285, 4684, 5, 12.66%, 0, 1, 5, 300.93
1522784199, 7, 4031, 6286, 4684, 5, 12.66%, 0, 1, 5, 594.83
1522784205, 7, 4563, 6287, 4683, 6, 12.66%, 0, 1, 5, 862.36
1522784210, 7, 4739, 6287, 4683, 6, 12.66%, 0, 1, 5, 764.08
1522784215, 7, 4806, 6290, 4686, 7, 12.67%, 0, 1, 5, 493.90
1522784220, 7, 4825, 6290, 4685, 7, 12.67%, 0, 1, 5, 497.30
1522784225, 7, 5396, 6290, 4684, 7, 12.67%, 0, 1, 5, 872.58
1522784230, 7, 5458, 6290, 4683, 7, 12.67%, 0, 1, 5, 801.22
1522784235, 7, 5614, 6290, 4682, 7, 12.67%, 0, 1, 5, 77.63
1522784245, 7, 5646, 6291, 4682, 7, 12.67%, 0, 1, 5, 1212.45
1522784250, 7, 5646, 6292, 4683, 7, 12.67%, 0, 1, 5, 1085.72
1522784255, 7, 5981, 6292, 4682, 7, 12.67%, 0, 1, 5, 541.55
1522784261, 7, 6107, 6302, 4692, 7, 12.67%, 0, 1, 5, 392.77
1522784276, 7, 6192, 6303, 4692, 7, 12.67%, 0, 1, 5, 816.12
1522784286, 7, 6263, 6303, 4691, 8, 12.67%, 0, 1, 5, 962.54
1522784296, 7, 6270, 6303, 4690, 7, 12.67%, 0, 1, 5, 1055.94
1522784301, 7, 6276, 6303, 4689, 6, 12.67%, 0, 1, 5, 1122.53
1522784311, 7, 6286, 6310, 4695, 5, 12.67%, 0, 1, 5, 717.38
1522784317, 7, 6286, 6312, 4697, 5, 12.67%, 0, 1, 5, 907.34
1522784322, 7, 6299, 6312, 4696, 5, 12.67%, 0, 1, 5, 225.73
1522784327, 7, 6299, 6313, 4697, 5, 12.67%, 0, 1, 5, 844.66
1522784332, 7, 6299, 6314, 4698, 5, 12.67%, 0, 1, 5, 380.70
1522784358, 7, 6302, 6314, 4697, 4, 12.67%, 0, 1, 5, 833.78
1522784368, 7, 6306, 6314, 4696, 3, 12.67%, 0, 1, 5, 615.53
1522784378, 7, 6309, 6314, 4695, 2, 12.67%, 0, 1, 5, 275.24
1522784398, 7, 6310, 6325, 4705, 2, 12.67%, 0, 1, 5, 1243.42
1522784404, 7, 6316, 6325, 4704, 1, 12.67%, 0, 1, 5, 1026.23
1522784409, 7, 6318, 6325, 4703, 0, 12.67%, 0, 1, 5, 81.92
1522784434, 7, 6320, 6326, 4703, 0, 12.67%, 0, 1, 5, 406.72
1522784439, 7, 6321, 6326, 4702, 0, 12.67%, 0, 1, 5, 106.90
1522784449, 7, 6321, 6327, 4703, 0, 12.67%, 0, 1, 5, 220.97
1522784455, 7, 6321, 6328, 4704, 0, 12.67%, 0, 1, 5, 201.54
1522784460, 7, 6321, 6331, 4706, 0, 12.67%, 0, 1, 5, 166.86
1522784465, 7, 6333, 6337, 4712, 2, 12.67%, 0, 1, 5, 149.33
1522784470, 7, 6333, 6338, 4713, 2, 12.67%, 0, 1, 5, 234.65
1522784480, 8, 384, 6338, 4712, 1, 12.67%, 0, 1, 5, 294.32
1522784485, 8, 615, 6338, 4710, 1, 12.67%, 0, 1, 5, 694.99
1522784490, 8, 835, 6342, 4714, 1, 12.67%, 0, 1, 5, 114.61
1522784495, 8, 913, 6342, 4713, 1, 12.67%, 0, 1, 5, 145.83
1522784510, 8, 1082, 6342, 4711, 1, 12.67%, 0, 1, 5, 1132.80
1522784516, 8, 1458, 6345, 4712, 2, 12.67%, 0, 1, 5, 694.87
1522784521, 8, 1834, 6345, 4710, 2, 12.67%, 0, 1, 5, 932.03
1522784531, 8, 1930, 6346, 4710, 2, 12.67%, 0, 1, 5, 73.68
1522784541, 8, 1977, 6346, 4709, 2, 12.67%, 0, 1, 5, 227.33
1522784551, 8, 2072, 6346, 4707, 2, 12.67%, 0, 1, 5, 720.64
1522784556, 8, 2338, 6348, 4707, 2, 12.67%, 0, 1, 5, 537.54
1522784561, 8, 2417, 6348, 4707, 2, 12.67%, 0, 1, 5, 389.21
1522784566, 8, 2507, 6348, 4706, 2, 12.67%, 0, 1, 5, 291.81
1522784572, 8, 2560, 6348, 4705, 2, 12.67%, 0, 1, 5, 329.63
1522784582, 8, 2560, 6349, 4706, 2, 12.67%, 0, 1, 5, 187.13
1522784587, 8, 2786, 6352, 4707, 3, 12.67%, 0, 1, 5, 24.77
1522784597, 8, 2966, 6352, 4704, 3, 12.67%, 0, 1, 5, 795.16
1522784602, 8, 3021, 6352, 4704, 3, 12.67%, 0, 1, 5, 129.69
1522784618, 8, 3223, 6352, 4703, 3, 12.67%, 0, 1, 5, 483.69
1522784623, 8, 3697, 6353, 4703, 3, 12.67%, 0, 1, 5, 332.90
1522784628, 8, 3777, 6354, 4703, 5, 12.67%, 0, 1, 5, 599.51
1522784633, 8, 3901, 6354, 4701, 5, 12.67%, 0, 1, 5, 562.43
1522784643, 8, 4016, 6354, 4701, 5, 12.67%, 0, 1, 5, 182.32
1522784653, 8, 4407, 6356, 4702, 5, 12.67%, 0, 1, 5, 1097.92
1522784658, 8, 4510, 6356, 4702, 6, 12.67%, 0, 1, 5, 105.07
1522784669, 8, 4545, 6357, 4702, 6, 12.67%, 0, 1, 5, 925.47
1522784674, 8, 4787, 6357, 4702, 6, 12.67%, 0, 1, 5, 157.46
1522784679, 8, 4859, 6357, 4702, 6, 12.67%, 0, 1, 5, 306.65
1522784684, 8, 4859, 6359, 4704, 6, 12.67%, 0, 1, 5, 29.41
1522784689, 8, 5401, 6362, 4706, 6, 12.67%, 0, 1, 5, 663.12
1522784694, 8, 5461, 6362, 4706, 6, 12.67%, 0, 1, 5, 44.73
1522784715, 8, 5535, 6365, 4708, 6, 12.67%, 0, 1, 5, 158.70
1522784720, 8, 5601, 6365, 4708, 6, 12.67%, 0, 1, 5, 48.31
1522784725, 8, 5630, 6365, 4707, 6, 12.67%, 0, 1, 5, 456.90
1522784730, 8, 5868, 6365, 4706, 6, 12.67%, 0, 1, 5, 719.61
1522784735, 8, 6054, 6365, 4705, 6, 12.67%, 0, 1, 5, 685.38
1522784745, 8, 6086, 6366, 4705, 6, 12.67%, 0, 1, 5, 790.79
1522784755, 8, 6150, 6366, 4704, 5, 12.67%, 0, 1, 5, 616.68
1522784765, 8, 6338, 6366, 4704, 5, 12.67%, 0, 1, 5, 189.87
1522784776, 8, 6338, 6367, 4705, 5, 12.67%, 0, 1, 5, 246.26
1522784802, 8, 6342, 6369, 4706, 5, 12.67%, 0, 1, 5, 1056.66
1522784807, 8, 6351, 6369, 4705, 4, 12.67%, 0, 1, 5, 902.04
1522784823, 8, 6352, 6372, 4707, 3, 12.67%, 0, 1, 5, 384.35
1522784828, 8, 6352, 6373, 4708, 3, 12.67%, 0, 1, 5, 351.97
1522784838, 8, 6353, 6373, 4707, 2, 12.67%, 0, 1, 5, 604.98
1522784848, 8, 6359, 6373, 4706, 1, 12.67%, 0, 1, 5, 1049.93
1522784858, 8, 6366, 6373, 4705, 0, 12.67%, 0, 1, 5, 191.90
1522784884, 8, 6369, 6373, 4704, 0, 12.67%, 0, 1, 5, 91.60
1522784907, 8, 6369, 6374, 4705, 0, 12.67%, 0, 1, 5, 122.48
1522784918, 8, 6369, 6375, 4706, 0, 12.67%, 0, 1, 5, 115.99
1522784923, 8, 6377, 6397, 4727, 2, 12.67%, 0, 1, 5, 440.74
1522784938, 8, 6378, 6397, 4726, 1, 12.67%, 0, 1, 5, 900.98
1522784943, 8, 6384, 6400, 4728, 0, 12.67%, 0, 1, 5, 1124.87
1522784948, 8, 6388, 6403, 4730, 0, 12.67%, 0, 1, 5, 1131.72
1522784953, 8, 6389, 6403, 4729, 0, 12.67%, 0, 1, 5, 1099.86
1522784958, 8, 6391, 6406, 4731, 0, 12.67%, 0, 1, 5, 680.87
1522784963, 8, 6395, 6406, 4730, 0, 12.67%, 0, 1, 5, 1049.05
1522784968, 8, 6399, 6408, 4730, 0, 12.67%, 0, 1, 5, 1100.58
1522784973, 8, 6399, 6409, 4731, 0, 12.67%, 0, 1, 5, 1123.64
1522784978, 8, 6401, 6414, 4734, 0, 12.67%, 0, 1, 5, 1012.75
1522784984, 8, 6408, 6414, 4733, 0, 12.67%, 0, 1, 5, 0.37
1522784990, 8, 6413, 6415, 4733, 0, 12.67%, 0, 1, 5, 919.03
1522784995, 8, 6413, 6416, 4734, 0, 12.67%, 0, 1, 5, 691.72
1522785005, 9, 173, 6424, 4739, 1, 12.68%, 0, 1, 5, 902.67
1522785010, 9, 243, 6424, 4738, 1, 12.68%, 0, 1, 5, 929.96
1522785015, 9, 553, 6427, 4739, 1, 12.68%, 0, 1, 5, 1111.93
1522785020, 9, 680, 6427, 4737, 1, 12.68%, 0, 1, 5, 994.86
1522785025, 9, 854, 6427, 4736, 1, 12.68%, 0, 1, 5, 250.23
1522785035, 9, 869, 6431, 4738, 1, 12.68%, 0, 1, 5, 1212.68
1522785040, 9, 1225, 6431, 4737, 2, 12.68%, 0, 1, 5, 141.66
1522785051, 9, 1319, 6431, 4736, 2, 12.68%, 0, 1, 5, 1129.38
1522785056, 9, 1457, 6431, 4734, 2, 12.68%, 0, 1, 5, 918.96
1522785061, 9, 1466, 6438, 4740, 2, 12.68%, 0, 1, 5, 893.07
1522785066, 9, 1748, 6438, 4738, 2, 12.68%, 0, 1, 5, 819.85
1522785071, 9, 1861, 6438, 4737, 2, 12.68%, 0, 1, 5, 1264.61
1522785076, 9, 2286, 6443, 4741, 2, 12.68%, 0, 1, 5, 1092.38
1522785081, 9, 2356, 6443, 4740, 2, 12.68%, 0, 1, 5, 509.83
1522785092, 9, 2427, 6443, 4738, 2, 12.68%, 0, 1, 5, 86.33
1522785122, 9, 2586, 6449, 4742, 2, 12.68%, 0, 1, 5, 400.92
1522785127, 9, 2686, 6449, 4741, 3, 12.68%, 0, 1, 5, 1046.55
1522785133, 9, 2789, 6449, 4739, 3, 12.68%, 0, 1, 5, 114.57
1522785143, 9, 2791, 6449, 4738, 3, 12.68%, 0, 1, 5, 154.88
1522785153, 9, 2902, 6449, 4735, 3, 12.68%, 0, 1, 5, 1159.39
1522785158, 9, 3146, 6449, 4734, 3, 12.68%, 0, 1, 5, 24.49
1522785169, 9, 3218, 6451, 4734, 3, 12.68%, 0, 1, 5, 1063.64
1522785174, 9, 3828, 6452, 4734, 3, 12.68%, 0, 1, 5, 867.35
1522785179, 9, 3878, 6452, 4733, 3, 12.68%, 0, 1, 5, 419.39
1522785184, 9, 3967, 6452, 4732, 3, 12.68%, 0, 1, 5, 388.79
1522785190, 9, 4566, 6452, 4731, 3, 12.68%, 0, 1, 5, 15.76
1522785195, 9, 4724, 6454, 4732, 3, 12.68%, 0, 1, 5, 874.55
1522785200, 9, 5051, 6454, 4731, 3, 12.68%, 0, 1, 5, 573.40
1522785205, 9, 5223, 6454, 4730, 3, 12.68%, 0, 1, 5, 675.38
1522785210, 9, 6005, 6459, 4733, 4, 12.68%, 0, 1, 5, 933.39
1522785220, 9, 6103, 6459, 4732, 4, 12.68%, 0, 1, 5, 24.29
1522785241, 9, 6156, 6459, 4731, 4, 12.68%, 0, 1, 5, 884.41
1522785246, 9, 6278, 6459, 4730, 4, 12.68%, 0, 1, 5, 181.34
1522785251, 9, 6278, 6460, 4731, 4, 12.68%, 0, 1, 5, 267.63
1522785256, 9, 6278, 6462, 4733, 4, 12.68%, 0, 1, 5, 341.43
1522785281, 9, 6427, 6465, 4735, 5, 12.68%, 0, 1, 5, 493.07
1522785291, 9, 6446, 6465, 4734, 4, 12.68%, 0, 1, 5, 104.31
1522785317, 9, 6447, 6465, 4733, 3, 12.68%, 0, 1, 5, 1231.13
1522785322, 9, 6456, 6465, 4732, 2, 12.68%, 0, 1, 5, 1177.41
1522785332, 9, 6459, 6465, 4731, 1, 12.68%, 0, 1, 5, 423.99
1522785342, 9, 6459, 6469, 4734, 0, 12.68%, 0, 1, 5, 265.45
1522785347, 9, 6460, 6469, 4734, 0, 12.68%, 0, 1, 5, 251.40
1522785358, 9, 6462, 6469, 4733, 0, 12.68%, 0, 1, 5, 514.91
1522785363, 9, 6462, 6470, 4734, 0, 12.68%, 0, 1, 5, 440.17
1522785368, 9, 6466, 6471, 4734, 0, 12.68%, 0, 1, 5, 743.08
1522785378, 10, 18, 6472, 4733, 0, 12.68%, 0, 1, 5, 946.78
1522785383, 10, 28, 6472, 4732, 0, 12.68%, 0, 1, 5, 963.45
1522785388, 10, 36, 6472, 4730, 0, 12.68%, 0, 1, 5, 947.47
1522785393, 10, 49, 6472, 4728, 0, 12.68%, 0, 1, 5, 1041.87
1522785398, 10, 60, 6473, 4727, 0, 12.68%, 0, 1, 5, 931.78
1522785403, 10, 72, 6474, 4727, 0, 12.68%, 0, 1, 5, 975.11
1522785408, 10, 89, 6474, 4726, 0, 12.68%, 0, 1, 5, 1029.32
1522785414, 10, 101, 6474, 4724, 0, 12.68%, 0, 1, 5, 952.50
1522785419, 10, 106, 6475, 4723, 0, 12.68%, 0, 1, 5, 939.09
1522785424, 10, 109, 6475, 4721, 0, 12.68%, 0, 1, 5, 907.99
1522785429, 10, 121, 6476, 4721, 0, 12.68%, 0, 1, 5, 924.90
1522785434, 10, 130, 6476, 4718, 0, 12.68%, 0, 1, 5, 992.83
1522785439, 10, 479, 6478, 4718, 1, 12.68%, 0, 1, 5, 921.31
1522785444, 10, 535, 6478, 4716, 1, 12.68%, 0, 1, 5, 1027.89
1522785449, 10, 846, 6479, 4716, 1, 12.68%, 0, 1, 5, 120.50
1522785459, 10, 1276, 6479, 4715, 1, 12.68%, 0, 1, 5, 178.20
1522785470, 10, 1317, 6479, 4714, 1, 12.68%, 0, 1, 5, 480.39
1522785475, 10, 1520, 6480, 4713, 2, 12.68%, 0, 1, 5, 683.70
1522785480, 10, 1759, 6480, 4712, 2, 12.68%, 0, 1, 5, 837.89
1522785485, 10, 2054, 6480, 4710, 2, 12.68%, 0, 1, 5, 839.08
1522785490, 10, 2228, 6481, 4709, 2, 12.68%, 0, 1, 5, 859.22
1522785495, 10, 2378, 6481, 4708, 2, 12.68%, 0, 1, 5, 26.32
1522785505, 10, 2566, 6481, 4707, 2, 12.68%, 0, 1, 5, 247.45
1522785510, 10, 2567, 6481, 4707, 2, 12.68%, 0, 1, 5, 1024.17
1522785515, 10, 2643, 6482, 4704, 2, 12.69%, 0, 1, 5, 179.42
1522785521, 10, 2768, 6482, 4702, 3, 12.69%, 0, 1, 5, 643.75
1522785526, 10, 3084, 6482, 4702, 3, 12.69%, 0, 1, 5, 692.19
1522785531, 10, 3333, 6482, 4701, 3, 12.69%, 0, 1, 5, 691.84
1522785536, 10, 3497, 6482, 4699, 3, 12.69%, 0, 1, 5, 126.58
1522785541, 10, 3563, 6482, 4699, 3, 12.69%, 0, 1, 5, 520.15
1522785546, 10, 3783, 6482, 4698, 3, 12.69%, 0, 1, 5, 464.77
1522785551, 10, 3817, 6482, 4697, 3, 12.69%, 0, 1, 5, 112.20
1522785556, 10, 3944, 6483, 4696, 3, 12.69%, 0, 1, 5, 142.43
1522785562, 10, 4031, 6483, 4695, 3, 12.69%, 0, 1, 5, 748.51
1522785567, 10, 4117, 6484, 4695, 3, 12.69%, 0, 1, 5, 727.91
1522785572, 10, 4391, 6484, 4692, 3, 12.69%, 0, 1, 5, 899.32
1522785577, 10, 4645, 6485, 4692, 3, 12.69%, 0, 1, 5, 126.49
1522785592, 10, 4757, 6485, 4690, 3, 12.69%, 0, 1, 5, 906.21
1522785597, 10, 4876, 6485, 4689, 3, 12.69%, 0, 1, 5, 214.00
1522785603, 10, 4988, 6489, 4692, 3, 12.69%, 0, 1, 5, 284.27
1522785608, 10, 5224, 6489, 4690, 3, 12.69%, 0, 1, 5, 855.89
1522785613, 10, 5450, 6489, 4689, 3, 12.69%, 0, 1, 5, 113.23
1522785623, 10, 5459, 6489, 4688, 3, 12.69%, 0, 1, 5, 613.48
1522785633, 10, 5459, 6489, 4687, 3, 12.69%, 0, 1, 5, 592.75
1522785639, 10, 5868, 6489, 4686, 3, 12.69%, 0, 1, 5, 861.36
1522785644, 10, 5905, 6489, 4686, 3, 12.69%, 0, 1, 5, 287.69
1522785659, 10, 5943, 6489, 4685, 3, 12.69%, 0, 1, 5, 94.03
1522785664, 10, 5958, 6497, 4692, 4, 12.69%, 0, 1, 5, 1144.28
1522785669, 10, 6099, 6497, 4691, 4, 12.69%, 0, 1, 5, 966.66
1522785674, 10, 6234, 6497, 4691, 4, 12.69%, 0, 1, 5, 163.83
1522785695, 10, 6330, 6497, 4690, 4, 12.69%, 0, 1, 5, 176.63
1522785710, 10, 6330, 6501, 4693, 4, 12.69%, 0, 1, 5, 222.32
1522785715, 10, 6380, 6501, 4693, 4, 12.69%, 0, 1, 5, 1109.65
1522785720, 10, 6476, 6501, 4692, 4, 12.69%, 0, 1, 5, 1110.46
1522785725, 10, 6479, 6501, 4691, 3, 12.69%, 0, 1, 5, 1081.71
1522785730, 10, 6479, 6502, 4692, 3, 12.69%, 0, 1, 5, 1071.70
1522785740, 10, 6481, 6502, 4691, 3, 12.69%, 0, 1, 5, 140.54
1522785751, 10, 6481, 6505, 4694, 3, 12.69%, 0, 1, 5, 240.76
1522785771, 10, 6481, 6506, 4695, 3, 12.69%, 0, 1, 5, 225.22
1522785781, 10, 6481, 6507, 4696, 3, 12.69%, 0, 1, 5, 257.07
1522785791, 10, 6489, 6508, 4696, 4, 12.69%, 0, 1, 5, 857.51
1522785797, 10, 6501, 6519, 4706, 6, 12.72%, 0, 1, 5, 1270.00
1522785812, 10, 6503, 6519, 4705, 5, 12.72%, 0, 1, 5, 403.03
1522785822, 10, 6505, 6519, 4704, 4, 12.72%, 0, 1, 5, 306.98
1522785827, 10, 6505, 6520, 4705, 4, 12.72%, 0, 1, 5, 375.41
1522785837, 10, 6508, 6520, 4704, 3, 12.72%, 0, 1, 5, 753.36
1522785843, 10, 6511, 6521, 4704, 2, 12.73%, 0, 1, 5, 1044.91
1522785853, 10, 6516, 6527, 4709, 6, 12.74%, 0, 1, 5, 1043.37
1522785858, 10, 6522, 6527, 4708, 5, 12.74%, 0, 1, 5, 1132.62
1522785863, 10, 6523, 6527, 4707, 4, 12.74%, 0, 1, 5, 1144.30
1522785873, 10, 6524, 6527, 4706, 3, 12.74%, 0, 1, 5, 1050.70
1522785878, 10, 6524, 6528, 4707, 3, 12.74%, 0, 1, 5, 1058.69
1522785888, 10, 6525, 6528, 4706, 3, 12.74%, 0, 1, 5, 1010.76
1522785893, 10, 6527, 6535, 4712, 6, 12.75%, 0, 1, 5, 1017.63
1522785904, 10, 6528, 6535, 4711, 5, 12.75%, 0, 1, 5, 1098.07
1522785914, 10, 6532, 6535, 4710, 4, 12.75%, 0, 1, 5, 1113.84
1522785924, 10, 6533, 6535, 4709, 3, 12.75%, 0, 1, 5, 1136.16
1522785929, 11, 242, 6535, 4708, 2, 12.75%, 0, 1, 5, 1018.94
1522785934, 11, 565, 6539, 4711, 6, 12.75%, 0, 1, 5, 798.38
1522785939, 11, 679, 6539, 4709, 6, 12.75%, 0, 1, 5, 773.08
1522785944, 11, 937, 6539, 4708, 6, 12.75%, 0, 1, 5, 915.27
1522785950, 11, 1161, 6539, 4705, 6, 12.75%, 0, 1, 5, 24.39
1522785960, 11, 1181, 6539, 4704, 6, 12.75%, 0, 1, 5, 506.78
1522785965, 11, 1600, 6539, 4702, 6, 12.75%, 0, 1, 5, 793.46
1522785970, 11, 1729, 6539, 4700, 6, 12.75%, 0, 1, 5, 1008.95
1522785975, 11, 1899, 6540, 4700, 6, 12.75%, 0, 1, 5, 100.30
1522785985, 11, 1913, 6540, 4699, 6, 12.75%, 0, 1, 5, 208.42
1522785990, 11, 2150, 6540, 4699, 6, 12.75%, 0, 1, 5, 790.54
1522785995, 11, 2286, 6541, 4699, 6, 12.75%, 0, 1, 5, 380.48
1522786001, 11, 2516, 6541, 4699, 6, 12.75%, 0, 1, 5, 30.51
1522786011, 11, 2574, 6541, 4698, 6, 12.75%, 0, 1, 5, 250.73
1522786016, 11, 2681, 6541, 4697, 6, 12.75%, 0, 1, 5, 627.63
1522786021, 11, 2799, 6542, 4696, 7, 12.75%, 0, 1, 5, 874.59
1522786026, 11, 3240, 6542, 4693, 7, 12.75%, 0, 1, 5, 1082.96
1522786031, 11, 3261, 6544, 4694, 7, 12.75%, 0, 1, 5, 619.30
1522786036, 11, 3633, 6546, 4695, 8, 12.75%, 0, 1, 5, 470.38
1522786042, 11, 3667, 6546, 4694, 7, 12.75%, 0, 1, 5, 689.43
1522786047, 11, 3911, 6546, 4694, 7, 12.75%, 0, 1, 5, 436.39
1522786052, 11, 4013, 6546, 4693, 7, 12.75%, 0, 1, 5, 340.22
1522786057, 11, 4020, 6547, 4693, 7, 12.75%, 0, 1, 5, 363.57
1522786062, 11, 4291, 6547, 4692, 8, 12.75%, 0, 1, 5, 459.00
1522786153, 11, 4513, 6547, 4692, 8, 12.75%, 0, 1, 5, 0.00
