# unix_time, cycles_done, cur_path, paths_total, pending_total, pending_favs, map_size, unique_crashes, unique_hangs, max_depth, execs_per_sec
1522270494, 0, 0, 1, 1, 1, 2.03%, 0, 0, 1, 615.38
1522270499, 0, 0, 164, 164, 1, 3.32%, 0, 0, 2, 928.20
1522270504, 0, 0, 249, 249, 1, 3.42%, 0, 0, 2, 1008.22
1522270509, 0, 0, 446, 445, 0, 4.14%, 0, 0, 2, 883.41
1522270514, 0, 0, 837, 836, 0, 5.61%, 0, 0, 2, 833.75
1522270519, 0, 15, 912, 909, 291, 5.78%, 0, 0, 2, 873.42
1522270524, 0, 40, 915, 908, 287, 5.78%, 0, 0, 2, 1108.16
1522270529, 0, 110, 925, 912, 278, 5.83%, 0, 0, 2, 1151.29
1522270534, 0, 129, 935, 918, 274, 5.83%, 0, 0, 3, 1142.93
1522270540, 0, 162, 935, 915, 271, 5.83%, 0, 0, 3, 1155.87
1522270545, 0, 175, 946, 923, 268, 5.84%, 0, 0, 3, 1140.54
1522270550, 0, 187, 955, 929, 265, 5.86%, 0, 0, 3, 1082.11
1522270555, 0, 195, 956, 928, 267, 5.86%, 0, 0, 3, 1116.15
1522270560, 0, 205, 994, 963, 273, 5.90%, 0, 0, 3, 1082.34
1522270565, 0, 219, 994, 960, 270, 5.90%, 0, 0, 3, 1140.08
1522270570, 0, 229, 1016, 980, 276, 5.99%, 0, 0, 3, 1123.57
1522270575, 0, 249, 1017, 977, 273, 5.99%, 0, 0, 3, 1134.53
1522270580, 0, 299, 1028, 985, 274, 6.00%, 0, 0, 3, 1163.40
1522270585, 0, 307, 1045, 999, 274, 6.03%, 0, 0, 3, 1134.94
1522270591, 0, 316, 1045, 996, 271, 6.03%, 0, 0, 3, 1162.17
1522270596, 0, 329, 1055, 1003, 269, 6.05%, 0, 0, 3, 1174.15
1522270601, 0, 336, 1057, 1002, 268, 6.05%, 0, 0, 3, 1154.44
1522270606, 0, 355, 1071, 1013, 269, 6.06%, 0, 0, 3, 1168.14
1522270611, 0, 358, 1076, 1015, 268, 6.06%, 0, 0, 3, 1132.01
1522270616, 0, 362, 1076, 1012, 265, 6.06%, 0, 0, 3, 1156.12
1522270621, 0, 369, 1080, 1014, 264, 6.06%, 0, 0, 3, 1192.05
1522270640, 0, 386, 1080, 1012, 262, 6.06%, 0, 0, 3, 2.59
1522270649, 0, 395, 1081, 1011, 261, 6.06%, 0, 0, 3, 0.21
1522270657, 0, 403, 1125, 1053, 270, 6.12%, 0, 0, 3, 1.54
1522270662, 0, 409, 1130, 1055, 269, 6.13%, 0, 0, 3, 1134.47
1522270668, 0, 420, 1139, 1061, 268, 6.13%, 0, 0, 3, 19.01
1522270676, 0, 430, 1140, 1060, 267, 6.13%, 0, 0, 3, 4.51
1522270682, 0, 449, 1144, 1062, 266, 6.14%, 0, 0, 3, 11.90
1522270687, 0, 464, 1148, 1062, 262, 6.14%, 0, 0, 3, 1139.03
1522270695, 0, 482, 1150, 1062, 261, 6.14%, 0, 0, 3, 2.52
1522270705, 0, 495, 1150, 1060, 259, 6.14%, 0, 0, 3, 2.93
1522270714, 0, 499, 1174, 1082, 262, 6.16%, 0, 0, 3, 4.97
1522270722, 0, 512, 1174, 1079, 259, 6.16%, 0, 0, 3, 6.01
1522270727, 0, 519, 1218, 1121, 274, 6.31%, 0, 0, 3, 1188.28
1522270735, 0, 529, 1218, 1118, 271, 6.31%, 0, 0, 3, 7.21
1522270743, 0, 555, 1230, 1127, 270, 6.33%, 0, 0, 3, 0.83
1522270748, 0, 566, 1271, 1164, 280, 6.53%, 0, 0, 3, 1101.70
1522270753, 0, 568, 1271, 1162, 278, 6.53%, 0, 0, 3, 1131.02
1522270764, 0, 574, 1276, 1164, 274, 6.53%, 0, 0, 3, 3.11
1522270773, 0, 579, 1277, 1162, 272, 6.54%, 0, 0, 3, 4.78
1522270781, 0, 591, 1301, 1182, 268, 6.54%, 0, 0, 3, 0.25
1522270786, 0, 600, 1309, 1187, 265, 6.54%, 0, 0, 3, 1157.62
1522270791, 0, 615, 1309, 1184, 262, 6.54%, 0, 0, 3, 1192.52
1522270797, 0, 620, 1318, 1192, 260, 6.54%, 0, 0, 3, 5.12
1522270805, 0, 626, 1318, 1189, 257, 6.54%, 0, 0, 3, 5.62
1522270814, 0, 629, 1338, 1207, 261, 6.57%, 0, 0, 3, 1.43
1522270821, 0, 647, 1367, 1230, 262, 6.58%, 0, 0, 3, 4.08
1522270826, 0, 654, 1367, 1227, 259, 6.58%, 0, 0, 3, 1164.82
1522270837, 0, 676, 1383, 1240, 258, 6.59%, 0, 0, 3, 3.86
1522270842, 0, 679, 1383, 1238, 256, 6.59%, 0, 0, 3, 1143.97
1522270847, 0, 686, 1396, 1248, 259, 6.61%, 0, 0, 3, 1130.34
1522270852, 0, 707, 1401, 1249, 254, 6.61%, 0, 0, 3, 1168.12
1522270857, 0, 714, 1407, 1251, 252, 6.62%, 0, 0, 3, 1123.86
1522270862, 0, 727, 1408, 1250, 250, 6.62%, 0, 0, 3, 1137.00
1522270868, 0, 752, 1410, 1247, 244, 6.62%, 0, 0, 3, 1125.12
1522270873, 0, 757, 1411, 1245, 241, 6.62%, 0, 0, 3, 1153.80
1522270878, 0, 768, 1412, 1243, 239, 6.62%, 0, 0, 3, 1139.20
1522270883, 0, 785, 1416, 1242, 233, 6.63%, 0, 0, 3, 1136.72
1522270909, 0, 790, 1421, 1244, 231, 6.63%, 0, 0, 3, 0.99
1522270914, 0, 806, 1452, 1269, 228, 6.65%, 0, 0, 3, 1153.61
1522270919, 0, 815, 1452, 1266, 225, 6.65%, 0, 0, 3, 1172.48
1522270924, 0, 817, 1452, 1265, 224, 6.65%, 0, 0, 3, 1073.44
1522270932, 0, 818, 1452, 1264, 223, 6.65%, 0, 0, 3, 0.18
1522270937, 0, 841, 1479, 1286, 222, 6.68%, 0, 0, 3, 1101.40
1522270947, 0, 848, 1490, 1294, 223, 6.68%, 0, 0, 3, 3.56
1522270956, 0, 850, 1490, 1293, 222, 6.68%, 0, 0, 3, 3.17
1522270961, 0, 857, 1490, 1290, 219, 6.68%, 0, 0, 3, 1380.00
1522270966, 0, 873, 1517, 1312, 224, 6.75%, 0, 0, 3, 1271.21
1522270974, 0, 888, 1524, 1318, 227, 6.76%, 0, 0, 3, 3.39
1522270983, 0, 889, 1524, 1317, 226, 6.76%, 0, 0, 3, 3.65
1522270992, 0, 895, 1524, 1315, 224, 6.76%, 0, 0, 3, 0.16
1522270998, 0, 910, 1544, 1332, 227, 6.79%, 0, 0, 3, 11.59
1522271003, 0, 924, 1545, 1330, 223, 6.79%, 0, 0, 3, 25.29
1522271008, 0, 931, 1551, 1334, 221, 6.80%, 0, 0, 3, 1035.00
1522271013, 0, 943, 1551, 1331, 218, 6.80%, 0, 0, 3, 1360.00
1522271021, 0, 947, 1558, 1337, 217, 6.81%, 0, 0, 3, 4.74
1522271026, 0, 965, 1558, 1334, 214, 6.81%, 0, 0, 3, 1100.38
1522271031, 0, 978, 1567, 1340, 212, 6.81%, 0, 0, 3, 1130.80
1522271040, 0, 980, 1567, 1339, 212, 6.81%, 0, 0, 3, 2.98
1522271049, 0, 994, 1579, 1347, 207, 6.81%, 0, 0, 3, 4.13
1522271055, 0, 999, 1579, 1344, 204, 6.81%, 0, 0, 3, 0.50
1522271060, 0, 1018, 1599, 1357, 200, 6.82%, 0, 0, 3, 1059.95
1522271065, 0, 1025, 1599, 1354, 197, 6.82%, 0, 0, 3, 1015.00
1522271074, 0, 1029, 1603, 1356, 196, 6.83%, 0, 0, 3, 3.21
1522271079, 0, 1033, 1603, 1353, 193, 6.83%, 0, 0, 3, 1011.44
1522271084, 0, 1045, 1623, 1369, 193, 6.91%, 0, 0, 3, 1110.00
1522271090, 0, 1047, 1623, 1368, 191, 6.91%, 0, 0, 3, 4.63
1522271096, 0, 1048, 1635, 1379, 195, 6.92%, 0, 0, 3, 2.71
1522271101, 0, 1062, 1635, 1375, 191, 6.92%, 0, 0, 3, 1139.35
1522271106, 0, 1079, 1642, 1378, 192, 6.93%, 0, 0, 3, 1136.21
1522271114, 0, 1081, 1642, 1377, 191, 6.93%, 0, 0, 3, 0.59
1522271119, 0, 1093, 1658, 1391, 195, 6.95%, 0, 0, 3, 8.56
1522271125, 0, 1109, 1658, 1388, 192, 6.95%, 0, 0, 3, 1186.35
1522271130, 0, 1113, 1671, 1399, 191, 6.97%, 0, 0, 3, 1029.26
1522271135, 0, 1119, 1671, 1396, 188, 6.97%, 0, 0, 3, 999.40
1522271140, 0, 1119, 1679, 1404, 188, 6.97%, 0, 0, 3, 835.70
1522271145, 0, 1120, 1693, 1417, 191, 6.99%, 0, 0, 3, 814.77
1522271150, 0, 1127, 1693, 1414, 188, 6.99%, 0, 0, 3, 1082.45
1522271155, 0, 1132, 1704, 1422, 186, 6.99%, 0, 0, 3, 1143.74
1522271160, 0, 1148, 1717, 1431, 189, 7.04%, 0, 0, 3, 1122.08
1522271166, 0, 1153, 1717, 1427, 185, 7.04%, 0, 0, 3, 1129.12
1522271171, 0, 1162, 1720, 1426, 182, 7.04%, 0, 0, 3, 1165.92
1522271176, 0, 1182, 1731, 1434, 182, 7.04%, 0, 0, 3, 1164.84
1522271187, 0, 1185, 1732, 1434, 182, 7.04%, 0, 0, 3, 2.41
1522271193, 0, 1192, 1733, 1433, 181, 7.04%, 0, 0, 3, 4.82
1522271199, 0, 1196, 1765, 1463, 188, 7.08%, 0, 0, 3, 6.71
1522271204, 0, 1208, 1771, 1465, 185, 7.08%, 0, 0, 3, 1143.85
1522271212, 0, 1220, 1776, 1465, 180, 7.09%, 0, 0, 3, 1.83
1522271220, 0, 1239, 1778, 1464, 176, 7.10%, 0, 0, 3, 3.45
1522271226, 0, 1267, 1793, 1475, 185, 7.15%, 0, 0, 3, 11.03
1522271231, 0, 1272, 1801, 1480, 184, 7.16%, 0, 0, 3, 1023.67
1522271236, 0, 1277, 1802, 1478, 181, 7.16%, 0, 0, 3, 1034.84
1522271243, 0, 1283, 1811, 1485, 181, 7.16%, 0, 0, 3, 3.78
1522271251, 0, 1294, 1811, 1483, 179, 7.16%, 0, 0, 3, 2.10
1522271259, 0, 1302, 1811, 1481, 177, 7.16%, 0, 0, 3, 0.25
1522271264, 0, 1342, 1829, 1494, 178, 7.17%, 0, 0, 3, 27.38
1522271269, 0, 1347, 1844, 1507, 188, 7.21%, 0, 0, 3, 1060.00
1522271274, 0, 1361, 1844, 1504, 186, 7.21%, 0, 0, 3, 1070.00
1522271279, 0, 1401, 1849, 1503, 180, 7.21%, 0, 0, 3, 1092.30
1522271285, 0, 1413, 1849, 1500, 177, 7.21%, 0, 0, 3, 1105.19
1522271296, 0, 1421, 1858, 1505, 177, 7.23%, 0, 0, 3, 1145.73
1522271301, 0, 1429, 1865, 1508, 176, 7.23%, 0, 0, 3, 1118.23
1522271307, 0, 1429, 1867, 1510, 176, 7.23%, 0, 0, 3, 1086.79
1522271316, 0, 1433, 1867, 1509, 178, 7.23%, 0, 0, 3, 2.66
1522271322, 0, 1445, 1886, 1525, 186, 7.26%, 0, 0, 3, 12.55
1522271327, 0, 1448, 1886, 1522, 183, 7.26%, 0, 0, 3, 975.00
1522271332, 0, 1480, 1894, 1525, 183, 7.32%, 0, 0, 3, 1112.54
1522271337, 0, 1493, 1896, 1522, 179, 7.32%, 0, 0, 3, 1104.63
1522271343, 0, 1499, 1902, 1526, 178, 7.32%, 0, 0, 3, 0.30
1522271349, 0, 1506, 1902, 1523, 175, 7.32%, 0, 0, 3, 7.05
1522271357, 0, 1507, 1902, 1522, 174, 7.32%, 0, 0, 3, 4.02
1522271363, 0, 1513, 1920, 1537, 180, 7.38%, 0, 0, 3, 0.99
1522271368, 0, 1521, 1924, 1537, 177, 7.38%, 0, 0, 3, 1069.81
1522271373, 0, 1542, 1926, 1534, 172, 7.38%, 0, 0, 3, 1100.00
1522271378, 0, 1544, 1926, 1532, 169, 7.38%, 0, 0, 3, 1132.84
1522271392, 0, 1549, 1932, 1536, 170, 7.39%, 0, 0, 3, 8.43
1522271399, 0, 1557, 1933, 1534, 167, 7.39%, 0, 0, 3, 3.15
1522271404, 0, 1562, 1943, 1540, 164, 7.39%, 0, 0, 3, 1149.39
1522271409, 0, 1569, 1947, 1541, 163, 7.39%, 0, 0, 3, 1112.65
1522271414, 0, 1570, 1947, 1540, 162, 7.39%, 0, 0, 3, 1160.00
1522271421, 0, 1599, 1949, 1539, 160, 7.39%, 0, 0, 3, 5.13
1522271428, 0, 1605, 1954, 1541, 158, 7.40%, 0, 0, 3, 4.89
1522271433, 0, 1616, 1955, 1538, 155, 7.40%, 0, 0, 3, 1086.42
1522271438, 0, 1624, 1956, 1536, 152, 7.40%, 0, 0, 3, 1104.84
1522271455, 0, 1625, 1971, 1550, 159, 7.49%, 0, 0, 3, 1.01
1522271460, 0, 1635, 1973, 1547, 155, 7.56%, 0, 0, 3, 1383.05
1522271472, 0, 1637, 2010, 1583, 179, 7.71%, 0, 0, 3, 0.42
1522271477, 0, 1643, 2013, 1582, 175, 7.72%, 0, 0, 3, 1076.19
