000020
000155
000225
000261
000281
000485
000574
000628
000647
000751
001242
001258
001470
001918
001970
002156
002559
002692
002796
002893
002896
003019
003035
003133
003165
003168
003847
003936
004029
004849
004875
004886
005117
005213
005217
005271
005499
005716
005799
006014
006103
006175
006254
006282
006814
007281
007293
007446
007492
007507
008098
008537
008718
008938
009979
010106
010113
010192
010259
010292
010406
010508
010743
010784
010790
010805
010967
011450
011696
011735
011879
011885
012381
013227
013567
013597
013692
013801
013964
014060
014066
014228
014278
014310
014366
014574
014590
014609
014860
015102
015184
015351
015372
015542
015595
015661
015755
015852
015883
015885
015980
016012
016204
016230
016384
016417
016488
016491
016701
016852
016963
017121
017248
017557
017615
017673
017710
017795
017824
017883
017903
018013
018180
018410
018492
018575
019072
019577
019677
019916
019918
020092
020099
020111
020131
020172
020240
020297
020332
020757
020948
021018
021045
021047
021102
021196
021280
021366
021676
021689
021826
021835
022054
022103
022140
022282
022451
022523
022700
022858
022965
023027
023576
023612
023666
024301
024488
024721
024836
024842
024899
024901
024905
024925
024932
025019
025055
025104
025169
025408
025420
025478
025626
025679
025764
025789
025804
025955
026501
026516
026676
027394
027415
027417
027452
027873
027902
028401
028548
028607
028951
029230
029450
029485
029548
029561
029809
029862
029938
029974
030503
030561
030730
030805
030841
030899
031019
031190
031203
031400
031459
031490
032009
032143
032377
032392
032602
033253
033671
033720
033734
033859
033960
034454
034607
034621
034693
034779
034784
034939
034982
035005
035063
035136
035207
035319
035439
035453
035481
035537
035762
036087
036394
036478
036504
037001
037006
037397
037703
037850
038073
038128
038839
039087
039106
039426
039620
040081
040268
040283
040473
040564
040583
040646
040813
040983
041005
041012
041112
041275
041375
041445
041712
042036
042057
042546
042643
043112
043244
043562
043606
043735
043737
043859
043900
043904
043919
044062
044329
044434
044449
044511
044577
044587
044626
044902
045199
045226
045302
045473
045797
045862
046001
046044
046093
046247
046760
047005
047201
047377
047541
047677
047778
048016
048358
048377
048499
049030
049355
049724
049810
049915
049927
049965
049991
050017
050304
050409
050458
050501
050523
050794
051132
051503
051525
051702
051815
051880
052093
052149
052262
052398
052497
052640
052839
052847
053090
053360
053480
053500
053950
054236
054263
054644
054758
054896
054946
055200
055217
055304
055392
055419
055612
055945
056431
056635
056715
056720
056810
056857
057223
057320
057380
057731
057811
057995
057997
058236
058391
058520
058550
058597
058662
058771
059130
059297
059521
059533
059536
059579
059775
059948
060063
060120
060181
060250
060312
060383
060412
060751
060861
061063
061106
061480
061604
061664
061701
061916
062054
062065
062118
062141
062143
062596
062800
063034
063125
063171
063580
064154
064206
064276
064442
064468
064689
065073
065210
065380
065400
