000001
000020
000155
000179
000225
000261
000281
000289
000485
000574
000626
000647
000650
000750
000751
000763
000858
000878
000965
001027
001167
001184
001242
001324
001362
001386
001795
001853
001970
002022
002156
002329
002357
002393
002470
002559
002692
002723
002751
002796
002852
002896
002926
002997
003019
003035
003133
003165
003168
003250
003330
003387
003669
003672
003689
003847
003920
003939
003971
004029
004062
004078
004248
004406
004417
004689
004726
004849
004870
004875
004886
004924
004990
005117
005123
005213
005217
005308
005499
005527
005548
005639
005678
005716
005799
005940
006014
006042
006084
006103
006175
006254
006398
006592
006644
006718
006813
006814
006988
007186
007233
007281
007446
007492
007507
007613
007857
007863
008098
008206
008279
008370
008456
008492
008537
008593
008718
008758
008825
008884
008938
009057
009071
009109
009156
009332
009414
009468
009589
009690
009821
009878
009979
010113
010136
010154
010192
010259
010292
010370
010406
010424
010498
010508
010589
010607
010743
010784
010786
010790
010805
010906
010948
010967
010974
011071
011270
011280
011312
011365
011376
011398
011450
011643
011735
011736
011879
011885
012063
012123
012259
012269
012381
012629
012665
012802
012834
012863
012938
013008
013089
013164
013170
013180
013204
013284
013467
013540
013597
013613
013692
013778
013790
013943
013964
014060
014066
014074
014138
014278
014310
014366
014412
014483
014571
014574
014590
014609
014687
014781
014797
014860
014912
015042
015051
015102
015184
015188
015227
015351
015372
015375
015436
015464
015542
015579
015595
015661
015755
015785
015788
015852
015883
015885
016012
016088
016161
016204
016230
016286
016378
016388
016417
016488
016503
016507
016516
016594
016648
016669
016701
016712
016801
016863
016878
016963
016978
017014
017070
017121
017170
017227
017237
017243
017248
017265
017348
017369
017413
017531
017582
017615
017617
017673
017795
017824
017883
017903
017935
017948
017984
018013
018061
018095
018180
018344
018410
018440
018458
018471
018510
018575
018617
018716
018866
019072
019088
019091
019093
019144
019153
019178
019337
019445
019567
019577
019677
019686
019815
019841
019916
019918
019920
019990
020058
020080
020092
020099
020111
020131
020136
020240
020257
020297
020332
020602
020919
020947
020948
021018
021043
021045
021094
021102
021177
021211
021235
021280
021288
021366
021389
021404
021574
021586
021651
021676
021732
021755
021863
021877
021886
021890
021958
022054
022103
022119
022120
022140
022224
022262
022282
022379
022398
022451
022472
022523
022534
022550
022560
022679
022700
022787
022858
022865
022895
022935
022955
022965
023027
023142
023178
023256
023576
023612
023666
023726
023740
023759
023864
023952
024055
024109
024145
024237
024242
024301
024311
024339
024365
024488
024721
024732
024836
024842
024878
024899
024901
024905
024925
024932
025044
025055
025104
025230
025231
025243
025277
025355
025365
025408
025414
025420
025478
025626
025637
025655
025679
025764
025804
025808
025832
025924
025955
026024
026133
026264
026271
026472
026676
026764
026895
027000
027007
027009
027319
027394
027415
027444
027452
027758
027778
027965
027999
028016
028085
028117
028225
028230
028342
028401
028402
028425
028470
028498
028548
028567
028587
028644
028672
028723
028850
028877
028973
029040
029148
029203
029230
029439
029450
029485
029561
029676
029800
029809
029862
029938
029957
029970
029974
030032
030033
030061
030063
030118
030172
030261
030364
030503
030572
030642
030653
030666
030700
030720
030726
030805
030854
030899
031019
031190
031203
031258
031385
031400
031490
031596
031606
031696
031703
031715
031754
031918
031943
031983
032005
032009
032019
032078
032137
032143
032162
032209
032221
032263
032285
032368
032377
032392
032415
032423
032463
032497
032602
032787
032934
032965
033150
033161
033162
033253
033309
033318
033493
033619
033671
033672
033720
033734
033748
033761
033805
033859
033948
034037
034050
034070
034075
034146
034152
034293
034295
034375
034433
034607
034621
034693
034776
034779
034910
034925
034939
034970
034982
035005
035063
035071
035086
035126
035136
035207
035216
035242
035346
035358
035397
035439
035453
035481
035499
035537
035603
035762
035802
035931
035990
036004
036057
036239
036284
036394
036478
036504
036541
036593
036601
036695
036824
036943
036975
037006
037258
037395
037405
037455
037457
037491
037590
037694
037703
037771
037850
037928
038040
038128
038343
038400
038440
038726
038839
038864
038970
039025
039087
039106
039195
039426
039597
039614
039620
039645
039647
039782
039835
039902
039995
040030
040057
040268
040274
040283
040360
040376
040413
040473
040480
040534
040564
040583
040646
040727
040762
040786
040795
040813
040883
040958
040983
041005
041112
041137
041225
041250
041275
041276
041375
041445
041520
041539
041602
041693
041712
041779
042036
042048
042057
042085
042265
042279
042366
042374
042398
042514
042546
042621
042635
042682
042753
042798
042810
042834
042873
042939
043054
043101
043112
043181
043244
043268
043392
043463
043562
043606
043650
043670
043673
043735
043737
043744
043820
043859
043900
043904
043919
043990
044062
044192
044325
044329
044417
044449
044511
044542
044577
044587
044614
044626
044759
044779
044794
044902
044963
045003
045019
045199
045226
045287
045302
045320
045473
045494
045511
045580
045614
045766
045797
045853
045862
046001
046044
046093
046155
046182
046243
046247
046254
046760
046809
046990
047005
047201
047228
047264
047297
047354
047359
047362
047377
047468
047541
047561
047621
047677
047778
047826
047849
047874
048016
048100
048196
048246
048263
048326
048358
048377
048402
048463
048498
048499
048660
048766
048770
048933
049016
049133
049149
049163
049278
049288
049300
049355
049724
049799
049810
049915
049927
049965
049991
050017
050054
050120
050162
050215
050304
050309
050344
050463
050501
050528
050794
050795
050860
051047
051132
051191
051201
051297
051362
051407
051416
051503
051525
051702
051768
051815
051880
051901
052093
052149
052217
052262
052320
052398
052410
052490
052497
052640
052641
052648
052839
052847
052873
052905
052947
053019
053090
053113
053154
053480
053500
053876
053887
053950
054053
054222
054236
054263
054383
054429
054430
054520
054643
054644
054679
054705
054719
054758
054775
054896
054946
054949
055068
055217
055304
055355
055391
055415
055417
055419
055472
055544
055556
055611
055612
055709
055888
055945
055974
055992
056667
056715
056720
056810
056857
057073
057127
057152
057212
057213
057223
057320
057488
057679
057699
057731
057811
057841
057950
057963
057986
057995
057997
058116
058314
058341
058384
058391
058444
058550
058597
058645
058662
058818
058867
058974
059129
059130
059247
059308
059386
059409
059533
059536
059579
059663
059673
059688
059698
059709
059758
059775
059884
059948
060063
060214
060250
060312
060318
060383
060431
060477
060483
060568
060576
060587
060650
060698
060751
060861
060891
060964
061012
061054
061063
061082
061224
061302
061352
061395
061480
061502
061514
061604
061607
061674
061701
061867
061903
061916
062049
062065
062074
062118
062121
062139
062141
062143
062198
062351
062461
062596
062619
062778
062800
062835
062862
062922
063034
063052
063120
063136
063163
063171
063180
063297
063443
063580
063587
063604
063608
063644
063848
063946
064071
064074
064113
064154
064190
064241
064276
064324
064408
064442
064468
064577
064610
064653
064662
064685
064689
064895
064902
064925
064989
065002
065042
065195
065210
065333
065336
065380
065400
