000020
000155
000225
000261
000281
000485
000574
000647
000751
000775
000965
001027
001214
001242
001258
001386
001470
001970
002156
002304
002559
002692
002796
002896
002926
003019
003035
003133
003165
003168
003476
003517
003652
003672
003756
003775
003847
004029
004145
004417
004726
004849
004875
004886
005117
005213
005217
005499
005716
005794
005799
005955
006014
006103
006175
006254
006592
006808
006813
006814
007281
007446
007492
007507
007613
008098
008206
008537
008690
008718
008938
009588
009845
009904
009979
010018
010113
010136
010180
010188
010192
010259
010292
010406
010508
010607
010743
010784
010790
010805
010967
011071
011450
011625
011696
011735
011771
011879
011885
012123
012381
012812
013179
013227
013597
013692
013964
014060
014066
014236
014278
014310
014366
014574
014590
014609
014860
015102
015184
015351
015372
015375
015542
015579
015595
015661
015755
015852
015883
015885
015980
016012
016147
016161
016204
016230
016388
016417
016435
016488
016503
016507
016701
016963
017121
017248
017413
017557
017615
017673
017795
017824
017883
017903
018013
018095
018180
018410
018575
019072
019178
019385
019577
019677
019783
019916
019918
020092
020099
020111
020131
020161
020240
020297
020332
020757
020948
021018
021094
021102
021280
021366
021422
021510
021586
021676
021732
021754
021835
021890
022054
022075
022103
022120
022140
022282
022451
022484
022523
022700
022858
022965
023027
023576
023612
023666
023776
024301
024339
024365
024488
024721
024836
024842
024844
024899
024901
024905
024922
024925
024932
025019
025055
025088
025104
025408
025420
025478
025514
025626
025679
025764
025789
025804
025955
026355
026438
026501
026676
026691
027338
027394
027415
027417
027452
027715
027873
028309
028342
028401
028402
028548
028723
029230
029450
029485
029561
029809
029862
029938
029974
030217
030503
030509
030572
030666
030726
030730
030805
030854
030899
031019
031190
031203
031338
031400
031502
031696
031703
032009
032143
032373
032377
032392
032602
033253
033671
033716
033720
033734
033761
033859
033960
034295
034607
034621
034693
034779
034784
034925
034939
034982
035005
035063
035126
035136
035207
035255
035319
035439
035453
035481
035537
035603
035762
036239
036394
036478
036504
037001
037006
037099
037397
037681
037703
037850
037928
038128
038137
038814
038839
039087
039102
039106
039426
039433
039607
039620
039971
040081
040201
040268
040283
040338
040414
040473
040564
040583
040646
040793
040813
040818
040958
040983
041005
041112
041137
041275
041375
041445
041584
041596
041712
041779
042036
042057
042159
042398
042546
042939
043054
043112
043244
043562
043606
043650
043669
043735
043737
043859
043873
043900
043919
044062
044329
044434
044449
044511
044577
044587
044626
044691
044758
044902
045019
045199
045226
045302
045320
045473
045797
045862
045892
046001
046044
046093
046247
046560
046760
047005
047201
047359
047377
047541
047778
047971
048016
048358
048377
048499
049030
049355
049724
049810
049913
049915
049927
049965
049991
050017
050230
050304
050501
050523
050640
050794
050830
051132
051362
051503
051525
051702
051815
051880
052093
052149
052217
052262
052398
052497
052622
052640
052839
052847
052895
052956
053090
053221
053239
053360
053480
053500
053950
054236
054263
054360
054644
054758
054896
054946
055068
055217
055304
055355
055415
055419
055420
055612
055854
055945
056397
056715
056720
056810
056857
056917
057223
057320
057731
057811
057995
057997
058236
058391
058513
058520
058550
058597
058662
059130
059308
059521
059533
059536
059579
059709
059775
059948
060063
060068
060250
060312
060383
060412
060751
060861
061063
061480
061604
061664
061701
061916
062049
062065
062118
062141
062143
062596
062800
062929
062948
063034
063125
063171
063580
063715
064206
064276
064442
064468
064577
064689
064738
064967
064989
065210
065380
065400
