000110
000131
000155
000224
000225
000261
000281
000289
000352
000384
000407
000481
000574
000608
000647
000655
000659
000662
000707
000750
000842
000877
000878
000892
000965
001019
001053
001087
001242
001275
001378
001386
001658
001704
001736
001816
001866
001912
001954
001970
002076
002132
002156
002163
002241
002298
002323
002355
002419
002551
002559
002603
002608
002723
002796
002807
002850
002896
002956
003019
003049
003068
003096
003126
003133
003135
003165
003168
003225
003330
003573
003623
003645
003672
003803
003836
003847
003971
004029
004056
004071
004117
004177
004248
004301
004367
004417
004438
004538
004564
004634
004656
004694
004726
004737
004747
004763
004793
004804
004839
004846
004886
004922
005123
005129
005153
005176
005213
005217
005221
005300
005304
005440
005499
005502
005527
005701
005721
005760
005799
005806
005888
005902
005987
006015
006058
006071
006090
006103
006175
006254
006325
006332
006341
006411
006421
006592
006648
006814
006850
006883
006923
006970
007144
007188
007276
007289
007374
007446
007531
007613
007625
007721
007754
007776
007823
007827
007836
007857
007899
008022
008174
008206
008320
008520
008537
008543
008557
008593
008623
008718
008861
008938
009080
009202
009226
009253
009254
009268
009294
009295
009332
009387
009393
009399
009432
009479
009581
009613
009655
009684
009921
010109
010113
010120
010154
010192
010209
010242
010292
010351
010406
010483
010607
010637
010674
010784
010790
010805
010864
010875
010919
010948
010967
011024
011071
011095
011193
011241
011274
011287
011323
011369
011396
011450
011551
011664
011698
011755
011879
011885
011933
011996
012029
012045
012120
012121
012123
012158
012238
012252
012266
012316
012343
012372
012381
012457
012476
012653
012765
012846
012885
012898
012934
012969
012988
013027
013096
013119
013170
013370
013404
013558
013567
013586
013597
013612
013613
013649
013692
013868
014006
014058
014060
014061
014066
014094
014197
014233
014244
014278
014310
014366
014415
014560
014574
014590
014609
014637
014726
014785
014827
014860
014895
014916
014995
014996
015102
015126
015163
015184
015229
015283
015325
015375
015420
015464
015471
015542
015579
015590
015595
015661
015693
015707
015810
015852
015883
015885
015888
015906
015928
016012
016084
016161
016204
016230
016286
016362
016369
016388
016417
016503
016507
016576
016583
016599
016614
016693
016727
016735
016786
016787
016826
016878
016924
017038
017114
017121
017143
017163
017165
017179
017189
017237
017248
017317
017346
017413
017419
017489
017532
017562
017615
017709
017716
017721
017762
017791
017841
017872
017903
017936
017948
017969
018013
018076
018112
018164
018174
018220
018279
018410
018509
018510
018560
018575
018799
018825
018845
018878
018920
019072
019178
019233
019244
019375
019445
019447
019567
019577
019618
019677
019732
019777
019804
019916
019918
019921
019935
020044
020099
020111
020131
020172
020190
020296
020297
020332
020344
020365
020383
020384
020402
020454
020688
020718
020757
020783
020812
020895
020948
020979
021018
021094
021153
021202
021245
021361
021532
021586
021620
021676
021890
021919
022022
022054
022103
022140
022153
022190
022282
022288
022378
022401
022451
022503
022551
022581
022596
022607
022725
022750
022796
022858
022865
022965
022967
023027
023065
023076
023142
023193
023313
023348
023399
023405
023478
023522
023539
023576
023652
023666
023726
023909
024083
024110
024129
024144
024149
024237
024242
024301
024309
024339
024365
024409
024488
024512
024721
024791
024820
024831
024836
024872
024876
024899
024901
024905
024932
025002
025009
025044
025055
025094
025096
025104
025207
025324
025344
025365
025369
025408
025418
025478
025511
025524
025603
025655
025659
025679
025804
025812
025825
025838
025867
025955
025981
026026
026174
026222
026262
026286
026334
026417
026562
026567
026676
026707
026716
026745
026757
026786
026801
026826
026906
027115
027127
027337
027338
027340
027373
027394
027477
027545
027606
027682
027758
027812
027920
027921
027999
028053
028085
028095
028115
028147
028238
028242
028286
028287
028310
028342
028401
028402
028462
028470
028497
028547
028548
028593
028613
028622
028765
028773
028793
028838
028849
028850
028857
028905
029045
029067
029095
029101
029106
029183
029218
029230
029237
029244
029266
029391
029450
029473
029512
029561
029562
029732
029752
029753
029805
029809
029825
029853
029862
029886
029918
029938
029957
030013
030087
030170
030213
030220
030310
030335
030378
030494
030503
030536
030546
030622
030666
030693
030700
030703
030726
030742
030805
030854
030921
031052
031055
031190
031295
031400
031459
031577
031815
032009
032028
032064
032072
032074
032114
032128
032143
032162
032232
032268
032271
032377
032392
032408
032437
032475
032515
032535
032562
032579
032602
032610
032918
032924
032975
033096
033164
033176
033224
033253
033265
033328
033384
033395
033426
033506
033533
033626
033671
033691
033698
033720
033733
033761
033807
033847
033850
034150
034183
034295
034320
034348
034370
034551
034583
034607
034621
034629
034643
034675
034779
034888
034925
034956
035005
035063
035099
035126
035136
035203
035207
035348
035367
035400
035439
035440
035444
035453
035474
035537
035593
035603
035640
035705
035762
035802
035884
035904
035961
036063
036173
036186
036231
036239
036274
036364
036394
036400
036402
036418
036478
036623
036738
036772
036773
036875
036944
037001
037006
037043
037134
037238
037410
037436
037511
037516
037575
037703
037850
037928
037970
038001
038021
038075
038128
038170
038224
038271
038304
038328
038440
038559
038561
038710
038912
038913
038960
038986
039061
039087
039106
039109
039390
039394
039416
039426
039459
039484
039524
039606
039689
039745
039768
039908
039921
040114
040167
040169
040191
040268
040274
040283
040311
040381
040413
040470
040473
040564
040583
040620
040646
040716
040750
040755
040949
041000
041005
041112
041137
041195
041205
041375
041388
041413
041445
041504
041569
041602
041665
041712
041779
041820
041983
041998
042019
042048
042057
042063
042071
042186
042279
042285
042287
042290
042323
042387
042398
042400
042490
042546
042665
042672
042776
042779
042782
042783
042821
042826
042873
042898
042939
042949
042955
043004
043091
043096
043112
043138
043187
043232
043241
043244
043287
043303
043379
043397
043445
043472
043562
043606
043650
043669
043735
043737
043816
043859
043919
043968
044055
044104
044186
044353
044449
044461
044518
044523
044542
044544
044567
044577
044582
044587
044615
044626
044671
044684
044691
044779
044797
044854
044862
044902
044922
044992
045019
045066
045108
045152
045199
045226
045320
045419
045435
045441
045473
045543
045604
045617
045811
045862
045898
045959
045963
045968
046001
046057
046073
046184
046247
046252
046387
046403
046452
046472
046733
046760
046809
046864
046904
046971
047005
047179
047180
047201
047317
047359
047377
047438
047468
047504
047537
047577
047590
047681
047694
047778
047781
047846
047928
047945
048016
048159
048260
048294
048377
048432
048433
048499
048536
048542
048555
048580
048771
048773
048788
048810
048835
048939
049051
049108
049163
049259
049294
049311
049355
049395
049556
049644
049687
049778
049810
049822
049889
049891
049912
049924
049927
049947
049961
049965
049991
050014
050016
050017
050047
050178
050199
050237
050272
050309
050457
050499
050501
050643
050695
050699
050738
050794
050910
050949
050970
051110
051124
051132
051191
051211
051223
051273
051295
051362
051435
051438
051467
051478
051503
051510
051514
051622
051702
051768
051815
051829
051841
051880
051897
052093
052149
052173
052211
052254
052320
052325
052398
052410
052490
052497
052571
052640
052648
052696
052728
052730
052758
052805
052839
052847
052899
053090
053099
053379
053393
053402
053461
053480
053500
053532
053553
053611
053618
053674
053711
053780
053948
053950
053958
054091
054095
054115
054119
054141
054201
054236
054263
054365
054369
054421
054472
054530
054576
054586
054644
054648
054651
054679
054686
054719
054758
054849
054896
054926
054946
055013
055137
055217
055223
055294
055304
055335
055336
055355
055377
055384
055391
055419
055435
055470
055491
055600
055624
055632
055635
055797
055886
055892
056032
056154
056183
056187
056224
056314
056317
056485
056560
056642
056720
056729
056735
056743
056769
056857
056950
057000
057047
057087
057212
057280
057320
057488
057614
057621
057692
057699
057811
057885
057995
057997
058010
058011
058056
058103
058175
058177
058278
058302
058348
058360
058373
058416
058515
058550
058567
058597
058645
058662
058776
058799
058847
058859
058941
058972
059130
059201
059207
059269
059284
059308
059392
059396
059521
059549
059709
059727
059823
059844
059884
059948
059993
060058
060063
060129
060147
060210
060250
060312
060376
060382
060383
060479
060568
060637
060664
060741
060751
060781
060877
060945
060964
060981
060998
061012
061060
061112
061118
061373
061480
061551
061701
061738
061759
061838
062049
062068
062118
062121
062141
062143
062188
062351
062461
062482
062610
062633
062653
062802
062880
062968
063028
063127
063180
063309
063311
063348
063379
063387
063429
063550
063571
063580
063626
063630
063759
063780
063794
063881
063897
063940
064006
064061
064204
064241
064276
064330
064366
064408
064468
064544
064577
064581
064605
064616
064685
064688
064764
064792
064818
064913
064928
064989
065040
065059
065102
065117
065136
065210
065235
065336
065358
065380
065400
