000155
000225
000261
000281
000289
000574
000647
000659
000751
000877
000892
000893
000965
001027
001087
001214
001242
001378
001386
001658
001736
001816
001954
001970
002156
002163
002355
002559
002603
002796
002850
002896
002956
003019
003035
003049
003133
003165
003168
003225
003274
003623
003672
003847
004029
004117
004417
004438
004564
004694
004726
004737
004763
004804
004886
005213
005217
005440
005499
005502
005799
005888
005902
005987
006014
006015
006090
006103
006175
006254
006341
006592
006814
006883
006923
006970
007446
007531
007613
007625
007823
008206
008520
008537
008623
008718
008938
009202
009226
009254
009268
009332
009387
009613
009655
009904
009921
009979
010113
010120
010192
010242
010259
010292
010406
010607
010784
010790
010805
010919
010967
011071
011095
011274
011287
011323
011369
011396
011450
011551
011625
011664
011735
011755
011879
011885
012045
012120
012123
012158
012238
012252
012372
012381
012558
012846
012898
012988
013027
013096
013170
013567
013597
013612
013692
014006
014058
014060
014066
014233
014278
014310
014366
014415
014574
014590
014609
014827
014860
014916
014995
015102
015184
015375
015464
015471
015542
015579
015595
015661
015755
015852
015883
015885
015906
016012
016084
016161
016204
016230
016286
016388
016417
016503
016507
016576
016583
016701
016727
016735
016787
016924
016963
017121
017143
017179
017237
017248
017413
017419
017489
017615
017673
017709
017716
017791
017795
017824
017903
017968
017969
018013
018112
018180
018410
018575
019072
019178
019577
019618
019677
019916
019918
019921
020092
020099
020111
020131
020172
020297
020332
020383
020384
020454
020718
020948
020979
021018
021094
021102
021361
021401
021586
021676
021754
022054
022103
022140
022282
022288
022401
022451
022523
022596
022700
022725
022750
022796
022858
022965
023027
023076
023193
023405
023522
023539
023576
023666
024129
024301
024309
024339
024365
024488
024497
024512
024721
024836
024842
024899
024901
024905
024925
024932
025002
025009
025044
025055
025104
025408
025478
025524
025626
025679
025804
025825
025838
025898
025955
026026
026262
026432
026438
026562
026676
026697
026716
026855
026906
027337
027338
027394
027477
027999
028053
028085
028095
028287
028309
028310
028342
028401
028402
028497
028548
028622
028793
028849
028850
028905
029095
029183
029218
029230
029237
029266
029391
029450
029561
029809
029825
029862
029938
029974
030094
030213
030220
030378
030494
030503
030536
030546
030572
030666
030700
030726
030742
030805
030854
030921
031019
031052
031190
031338
031400
031696
031703
032009
032064
032074
032143
032232
032271
032377
032392
032437
032475
032602
032924
032953
032975
033164
033224
033253
033328
033395
033671
033698
033720
033733
033750
033761
033847
033850
034150
034183
034295
034348
034583
034607
034621
034629
034643
034675
034779
034888
034925
034939
034956
035005
035063
035099
035126
035136
035207
035367
035439
035444
035453
035481
035537
035593
035603
035640
035762
035802
035884
035961
036239
036274
036394
036400
036418
036478
036504
036738
036875
036944
037001
037006
037238
037410
037436
037516
037575
037681
037703
037850
037928
037937
038001
038075
038128
038170
038328
038440
038559
038710
038912
038986
039087
039106
039390
039426
039459
039606
039620
039689
039745
039908
039971
040167
040169
040268
040283
040413
040470
040473
040564
040583
040646
040716
040949
040958
041005
041112
041137
041205
041375
041445
041712
041779
042019
042057
042290
042323
042398
042490
042546
042782
042898
042939
042949
043004
043112
043138
043244
043287
043562
043606
043650
043669
043735
043737
043859
043900
043919
044055
044449
044511
044544
044577
044582
044587
044615
044626
044684
044691
044797
044902
045019
045108
045152
045199
045226
045320
045419
045435
045473
045746
045797
045862
045898
045963
046001
046247
046252
046760
046864
046904
047005
047179
047201
047359
047377
047468
047504
047577
047590
047681
047778
047781
047945
048013
048016
048377
048499
048771
048810
049108
049355
049644
049810
049822
049912
049927
049965
049991
050014
050017
050309
050457
050501
050699
050738
050794
050814
050910
050970
051124
051132
051223
051273
051362
051467
051478
051503
051622
051702
051815
051880
052093
052149
052217
052325
052398
052497
052640
052730
052805
052839
052847
052895
052956
053090
053099
053239
053393
053480
053500
053618
053674
053950
054088
054095
054115
054141
054236
054263
054369
054530
054644
054648
054758
054896
054946
055013
055137
055217
055304
055336
055355
055384
055391
055419
055435
055612
055632
056485
056720
056743
056769
056810
056857
057047
057087
057280
057320
057614
057731
057811
057995
057997
058011
058175
058520
058550
058567
058597
058662
058776
058859
058941
058972
059130
059201
059308
059536
059709
059823
059948
060063
060147
060250
060312
060383
060664
060751
060861
060939
061373
061480
061551
061701
061838
062049
062068
062118
062141
062143
062188
062482
062633
062653
062880
063034
063171
063311
063571
063580
063626
063794
063897
063940
064204
064276
064366
064468
064577
064605
064689
064738
064818
064989
065059
065210
065235
065380
065400
