000020
000261
000281
000335
000485
000574
000647
000750
000751
000965
001167
001242
001386
001390
001795
001864
001970
002132
002156
002225
002470
002559
002692
002723
002796
002896
002926
002997
003019
003035
003165
003168
003330
003476
003672
003847
003971
004248
004417
004726
004747
004849
004875
004886
005117
005213
005217
005499
005527
005560
005716
005761
006014
006042
006103
006175
006254
006398
006592
006813
006814
007186
007211
007281
007446
007492
007507
007613
007857
008098
008190
008206
008543
008634
008718
009109
009414
009432
009444
009581
009684
009917
009979
010010
010109
010113
010136
010154
010188
010192
010259
010292
010351
010406
010508
010607
010743
010746
010784
010786
010790
010829
010948
010967
011450
011740
011785
011885
011915
011956
012455
012574
012633
012863
013597
013613
013692
013755
013964
014060
014066
014069
014074
014310
014366
014574
014590
014609
014687
014726
014860
014895
015102
015184
015208
015280
015351
015372
015375
015444
015542
015595
015661
015755
015852
015883
015885
016012
016161
016204
016230
016362
016388
016417
016488
016507
016547
016599
016701
016801
016837
016963
017014
017070
017121
017227
017291
017413
017615
017795
017883
017991
018013
018061
018095
018141
018180
018226
018410
018510
018686
018845
019072
019144
019178
019445
019567
019577
019677
019916
019918
019922
020080
020099
020111
020131
020161
020240
020297
020332
020386
020526
020558
020948
021018
021045
021094
021102
021280
021366
021586
021676
021689
021732
021890
022054
022103
022119
022120
022140
022282
022352
022451
022484
022523
022534
022700
022858
022865
022895
022965
023027
023118
023142
023291
023612
023666
023740
024237
024339
024488
024791
024836
024844
024905
024925
024932
025044
025055
025104
025408
025420
025478
025643
025679
025764
025804
026384
026515
026590
026676
026757
026801
027338
027394
027415
027452
027758
028230
028238
028342
028401
028548
028723
028964
029230
029450
029457
029463
029485
029561
029752
029809
029886
029938
029957
029974
030261
030503
030509
030666
030726
030805
030854
030899
031019
031077
031190
031203
031490
031577
031717
031915
031943
032005
032009
032162
032285
032357
032377
032392
032463
032556
032577
032579
033096
033265
033467
033720
033761
033859
034206
034295
034607
034621
034693
034779
034982
035005
035063
035136
035207
035217
035242
035439
035440
035453
035481
035537
035762
036239
036394
036478
036504
036593
036695
036975
037590
037703
037757
037850
037928
038128
038304
038343
038479
038503
038754
038839
039061
039084
039087
039102
039106
039195
039426
039620
039829
040007
040160
040274
040418
040473
040537
040564
040708
040727
040813
040983
041000
041005
041012
041091
041112
041137
041200
041375
041445
041504
041712
042036
042048
042057
042279
042374
042398
042546
042595
042621
042665
042939
043054
043091
043112
043244
043562
043606
043650
043672
043735
043737
043807
043900
043904
043919
044062
044329
044449
044511
044523
044542
044577
044587
044626
044691
044708
044746
044758
044854
044902
045019
045066
045199
045226
045302
045320
045366
045441
045491
045797
045862
046001
046044
046093
046247
046254
046374
046760
047005
047201
047359
047377
047438
047541
047677
047694
047971
048016
048358
048377
048463
049163
049294
049724
049810
049915
049927
049965
050016
050120
050237
050304
050344
050456
050501
050515
050794
051201
051220
051362
051483
051514
051525
051702
051815
051880
052093
052149
052211
052232
052320
052353
052359
052398
052410
052497
052594
052640
052648
052839
052847
052873
052905
053090
053098
053461
053480
053500
053532
053864
053948
054095
054236
054263
054576
054644
054719
054758
054946
054949
055132
055304
055415
055419
055472
055544
055556
055559
055574
055762
055854
055892
055992
056702
056715
056720
056729
056810
056857
057223
057320
057566
057731
057733
057811
057841
057907
057995
057997
058116
058360
058391
058416
058550
058597
058662
058738
059129
059130
059207
059392
059396
059533
059536
059579
059709
059724
059775
059948
060250
060312
060383
060839
060861
060964
061063
061082
061106
061480
061502
061604
061701
061707
061903
061916
062049
062065
062118
062141
062143
062228
062596
062800
062802
063034
063171
063180
063483
063580
063656
063759
063873
064154
064276
064442
064468
064577
064689
065210
065358
065380
065400
