000001
000020
000054
000105
000155
000225
000261
000281
000303
000352
000441
000485
000574
000626
000647
000750
000751
000856
000877
000878
000965
001027
001184
001242
001258
001275
001324
001361
001367
001378
001470
001640
001641
001684
001831
001853
001918
001970
002132
002156
002248
002355
002357
002379
002419
002470
002481
002559
002634
002655
002692
002796
002893
002896
002988
003019
003035
003066
003133
003165
003168
003274
003330
003387
003428
003465
003468
003537
003618
003645
003669
003689
003735
003775
003843
003847
003864
003887
003920
003932
003939
004029
004062
004078
004117
004157
004367
004406
004417
004667
004674
004689
004763
004817
004849
004870
004875
004886
004924
004990
005101
005117
005123
005176
005213
005217
005221
005270
005271
005287
005328
005417
005499
005527
005548
005639
005716
005761
005799
005940
006014
006070
006084
006090
006103
006175
006254
006274
006304
006332
006343
006376
006379
006380
006411
006644
006709
006792
006814
006988
007019
007139
007160
007233
007266
007281
007349
007413
007446
007507
007597
007754
007827
007857
007863
007874
007899
007961
008098
008111
008127
008155
008167
008174
008177
008206
008279
008320
008370
008414
008456
008492
008537
008593
008655
008684
008689
008718
008758
008884
008924
008938
009032
009057
009071
009094
009376
009385
009468
009479
009589
009681
009821
009921
009964
009979
009994
010113
010136
010170
010192
010209
010216
010254
010259
010292
010370
010390
010406
010424
010498
010508
010550
010573
010589
010606
010743
010784
010786
010790
010805
010864
010872
010946
010967
011071
011194
011226
011312
011323
011365
011376
011398
011450
011577
011643
011696
011735
011736
011745
011777
011879
011885
011933
011956
012063
012123
012259
012269
012381
012476
012520
012629
012665
012741
012802
012834
012934
013008
013164
013180
013204
013227
013284
013467
013597
013613
013643
013692
013693
013778
013790
013868
013944
013964
014022
014060
014066
014074
014084
014120
014185
014228
014244
014278
014310
014366
014412
014483
014574
014590
014609
014637
014726
014797
014860
014886
014912
015022
015042
015051
015071
015102
015170
015184
015188
015227
015229
015351
015372
015436
015440
015491
015542
015579
015595
015619
015647
015661
015663
015714
015755
015785
015788
015852
015883
015885
015923
015980
015984
015994
016012
016088
016204
016230
016378
016384
016388
016417
016488
016503
016516
016594
016648
016669
016701
016712
016779
016801
016863
016878
016963
016978
017114
017121
017165
017170
017181
017189
017243
017248
017265
017346
017369
017413
017486
017489
017531
017549
017557
017582
017589
017615
017617
017673
017745
017754
017795
017824
017841
017883
017903
017910
017935
017948
017984
018013
018014
018021
018076
018088
018095
018164
018180
018249
018344
018365
018410
018458
018471
018575
018716
018866
018975
019024
019072
019088
019093
019220
019313
019337
019445
019529
019538
019577
019665
019677
019686
019785
019797
019815
019865
019916
019918
019920
019946
019990
020011
020044
020058
020073
020092
020099
020109
020111
020131
020189
020195
020230
020240
020297
020332
020572
020576
020602
020757
020919
020947
020948
020980
021018
021043
021102
021153
021186
021211
021280
021288
021366
021386
021404
021586
021651
021665
021676
021754
021755
021835
021877
021886
021890
021901
021958
022054
022102
022103
022140
022150
022255
022262
022282
022379
022398
022451
022523
022548
022550
022551
022560
022679
022700
022782
022787
022835
022848
022858
022865
022935
022955
022965
023027
023142
023256
023454
023478
023566
023576
023612
023666
023726
023740
023799
023909
023952
024109
024145
024158
024237
024242
024301
024311
024381
024445
024488
024523
024721
024732
024820
024836
024842
024899
024901
024905
024925
024932
025019
025055
025060
025104
025243
025270
025365
025408
025420
025478
025555
025565
025626
025637
025655
025670
025679
025764
025789
025804
025832
025865
025918
025955
026024
026041
026133
026222
026264
026452
026472
026501
026540
026567
026676
026745
026786
026791
026801
026895
026943
027019
027140
027203
027228
027310
027319
027340
027369
027375
027394
027397
027415
027435
027444
027452
027758
027778
027873
027965
028016
028105
028117
028225
028230
028242
028319
028342
028401
028402
028470
028498
028548
028644
028674
028836
028857
028869
029040
029067
029203
029230
029244
029450
029512
029530
029548
029561
029676
029809
029862
029918
029938
029957
029970
029974
030033
030061
030063
030170
030172
030310
030324
030327
030364
030426
030498
030503
030518
030561
030642
030653
030666
030720
030730
030805
030841
030899
031019
031126
031166
031203
031249
031400
031443
031596
031715
031720
031735
031918
031969
031983
032005
032009
032019
032022
032137
032143
032162
032209
032221
032263
032368
032377
032392
032405
032415
032423
032497
032515
032583
032602
032696
032787
032813
032934
032942
032965
032980
033038
033150
033161
033162
033220
033253
033309
033318
033387
033493
033506
033671
033672
033720
033748
033761
033778
033805
033842
033859
033960
034050
034070
034075
034089
034116
034146
034188
034290
034293
034375
034382
034433
034551
034607
034621
034693
034776
034779
034784
034817
034910
034925
034939
034970
034982
035005
035063
035071
035114
035126
035136
035207
035216
035319
035327
035346
035358
035369
035439
035453
035481
035499
035507
035537
035554
035603
035749
035753
035762
035804
035931
035975
035990
036004
036331
036390
036394
036478
036504
036541
036598
036601
036773
036806
036819
036824
036929
036934
036998
037001
037006
037127
037134
037155
037395
037397
037405
037449
037457
037484
037491
037497
037593
037694
037703
037771
037850
037943
038128
038525
038549
038648
038654
038726
038839
038864
038960
038983
039048
039087
039106
039299
039330
039426
039427
039597
039614
039620
039625
039647
039835
039902
039995
040030
040057
040062
040081
040268
040274
040283
040311
040360
040376
040473
040480
040534
040564
040583
040620
040646
040727
040750
040762
040795
040813
040958
041005
041034
041112
041162
041195
041225
041257
041276
041354
041375
041380
041384
041445
041487
041520
041539
041602
041665
041693
041712
041753
041779
041904
041942
042036
042048
042057
042080
042085
042124
042207
042265
042279
042378
042387
042394
042398
042514
042546
042635
042682
042693
042753
042776
042798
042834
042873
042881
043004
043007
043112
043181
043244
043268
043392
043397
043562
043606
043613
043650
043673
043735
043737
043744
043793
043820
043857
043859
043888
043900
043904
043919
043936
044062
044192
044299
044325
044329
044353
044434
044449
044502
044511
044523
044542
044577
044587
044614
044626
044735
044779
044854
044859
044902
044905
044963
045019
045025
045066
045130
045199
045224
045226
045287
045302
045442
045473
045494
045511
045580
045614
045634
045797
045853
045862
045883
046001
046044
046072
046093
046130
046155
046210
046243
046247
046294
046395
046436
046456
046472
046576
046760
046809
046905
046990
047005
047021
047201
047233
047264
047297
047362
047377
047506
047535
047541
047550
047561
047590
047602
047621
047778
047849
047873
047874
048013
048016
048061
048100
048156
048169
048196
048206
048246
048260
048263
048319
048326
048328
048358
048377
048402
048412
048433
048460
048499
048546
048580
048660
048675
048766
048770
048836
048973
049030
049133
049149
049154
049278
049288
049294
049300
049355
049465
049578
049724
049758
049794
049799
049810
049915
049927
049965
049990
049991
050016
050017
050054
050162
050185
050215
050222
050268
050344
050463
050501
050523
050528
050651
050793
050794
050795
050817
050845
050860
050867
051014
051132
051191
051201
051243
051250
051263
051287
051297
051362
051407
051416
051503
051525
051538
051608
051629
051702
051758
051815
051842
051880
052093
052149
052217
052262
052270
052320
052371
052388
052398
052410
052490
052497
052640
052641
052655
052728
052737
052758
052825
052839
052847
052873
052923
052947
052990
053071
053090
053113
053154
053234
053271
053360
053379
053470
053480
053500
053633
053705
053789
053800
053817
053876
053950
053958
054053
054113
054222
054236
054263
054267
054336
054383
054429
054430
054458
054520
054644
054679
054705
054719
054748
054758
054775
054896
054926
054946
054949
055068
055217
055223
055304
055347
055355
055392
055419
055454
055559
055611
055612
055709
055888
055974
056156
056400
056444
056451
056538
056642
056667
056686
056715
056720
056735
056810
056846
056857
057054
057127
057152
057196
057212
057213
057223
057225
057320
057488
057503
057576
057679
057699
057731
057811
057950
057963
057995
057997
058011
058110
058203
058236
058239
058302
058314
058341
058384
058391
058497
058520
058550
058597
058645
058662
058738
058799
058867
058886
058974
059129
059130
059171
059247
059269
059284
059301
059308
059386
059409
059521
059533
059536
059579
059663
059673
059688
059698
059727
059758
059775
059873
059884
059948
060063
060181
060214
060250
060312
060383
060412
060477
060494
060499
060562
060568
060573
060574
060576
060614
060650
060751
060797
060861
060891
060964
061012
061043
061054
061063
061131
061181
061224
061302
061352
061375
061395
061418
061480
061514
061604
061607
061664
061674
061701
061738
061830
061903
061916
062024
062053
062065
062074
062118
062121
062139
062141
062143
062198
062228
062287
062351
062361
062461
062596
062622
062724
062767
062778
062800
062862
062912
062922
062968
063034
063120
063125
063136
063163
063171
063180
063258
063280
063297
063504
063557
063580
063584
063587
063604
063608
063626
063640
063763
063848
063946
064071
064074
064113
064160
064190
064206
064241
064276
064324
064408
064442
064468
064544
064610
064653
064662
064685
064689
064818
064838
064902
064925
065040
065042
065082
065195
065210
065333
065336
065380
065400
