000001
000131
000155
000225
000261
000281
000289
000407
000481
000574
000608
000647
000655
000662
000707
000750
000751
000877
000878
000965
001027
001053
001087
001214
001242
001324
001378
001386
001573
001640
001704
001736
001816
001866
001954
001970
002156
002163
002298
002323
002355
002419
002551
002559
002603
002723
002796
002807
002850
002896
002956
003019
003035
003049
003068
003096
003126
003133
003165
003168
003225
003274
003330
003573
003623
003672
003803
003847
003852
003887
003902
003971
004029
004062
004071
004117
004248
004301
004417
004438
004564
004694
004726
004737
004747
004763
004793
004804
004839
004846
004886
004922
004924
005123
005129
005153
005213
005217
005440
005499
005502
005527
005721
005799
005806
005888
005987
006014
006015
006021
006058
006071
006103
006175
006254
006325
006341
006421
006592
006648
006814
006850
006883
006923
006970
007188
007289
007374
007446
007613
007625
007721
007776
007823
007836
007857
008206
008520
008537
008593
008623
008718
008861
008938
009080
009202
009226
009268
009294
009295
009332
009511
009613
009684
009761
009921
009979
009981
009989
010113
010120
010154
010192
010213
010242
010259
010292
010370
010406
010548
010607
010637
010784
010790
010805
010919
010948
010967
011024
011071
011095
011209
011241
011274
011287
011323
011365
011369
011393
011396
011450
011551
011664
011735
011879
011885
011996
012045
012120
012123
012158
012238
012252
012266
012343
012372
012381
012457
012653
012765
012846
012885
012898
012934
012969
012988
013008
013027
013096
013119
013164
013170
013370
013529
013586
013597
013612
013613
013643
013649
013692
014006
014058
014060
014061
014066
014233
014252
014278
014310
014366
014415
014461
014574
014590
014609
014785
014827
014860
014972
014995
015102
015163
015184
015283
015325
015375
015420
015436
015464
015471
015542
015579
015590
015595
015661
015755
015852
015872
015883
015885
015888
015906
015928
016012
016088
016161
016204
016230
016286
016307
016388
016417
016503
016507
016576
016583
016693
016701
016727
016735
016787
016826
016878
016963
017121
017143
017163
017179
017237
017248
017413
017419
017489
017615
017617
017709
017716
017721
017795
017872
017903
017936
017948
017969
018013
018174
018180
018220
018279
018344
018410
018509
018510
018575
018799
018825
018878
018883
018920
019072
019178
019233
019337
019445
019447
019492
019540
019567
019577
019618
019677
019686
019732
019777
019804
019841
019916
019918
019920
019921
019935
020092
020099
020111
020131
020172
020190
020296
020297
020332
020344
020365
020383
020384
020454
020688
020718
020783
020948
020979
021018
021094
021102
021245
021361
021401
021586
021620
021676
021890
021919
022054
022103
022140
022143
022153
022190
022282
022288
022378
022379
022401
022451
022503
022523
022550
022560
022581
022593
022596
022700
022725
022750
022787
022796
022858
022865
022965
022967
023027
023076
023142
023193
023313
023405
023539
023576
023652
023666
023695
023726
023952
024057
024083
024110
024129
024144
024145
024149
024237
024242
024301
024309
024339
024365
024488
024512
024721
024836
024842
024899
024901
024905
024925
024932
025002
025009
025044
025055
025096
025104
025207
025218
025365
025408
025478
025524
025626
025655
025659
025679
025804
025812
025832
025838
025867
025924
025955
025981
026174
026262
026271
026286
026417
026438
026549
026562
026676
026707
026826
026895
026906
027115
027127
027337
027338
027373
027394
027435
027545
027680
027682
027758
027965
027999
028053
028085
028095
028147
028238
028286
028287
028309
028310
028342
028401
028402
028456
028470
028497
028548
028613
028622
028773
028793
028838
028849
028850
028905
029095
029106
029183
029218
029230
029237
029266
029450
029474
029561
029562
029732
029800
029805
029809
029825
029853
029862
029938
029957
029974
030061
030063
030213
030220
030335
030378
030503
030524
030536
030546
030622
030666
030700
030703
030726
030742
030805
030854
030921
031019
031055
031190
031295
031336
031338
031400
031715
031754
031983
032009
032019
032028
032064
032074
032114
032128
032137
032143
032153
032162
032209
032232
032268
032271
032377
032392
032408
032423
032437
032475
032535
032562
032602
032610
032924
032934
032953
032975
033164
033176
033224
033253
033278
033328
033395
033450
033671
033691
033698
033720
033750
033761
033807
033847
033850
034075
034150
034295
034320
034348
034370
034607
034621
034629
034643
034675
034779
034888
034925
034970
035005
035063
035071
035099
035126
035136
035207
035216
035346
035439
035444
035453
035474
035481
035507
035537
035593
035603
035640
035762
035802
035884
035961
036084
036173
036186
036231
036239
036364
036394
036402
036418
036478
036504
036598
036623
036738
036824
036853
036875
036890
036944
037001
037006
037043
037238
037410
037436
037516
037575
037681
037703
037850
037928
037937
038075
038128
038170
038224
038271
038328
038440
038549
038559
038710
038912
038913
038925
038986
039061
039087
039106
039109
039129
039390
039394
039416
039426
039459
039484
039606
039620
039647
039689
039768
039835
039908
039971
039995
040030
040114
040167
040169
040268
040274
040283
040381
040413
040470
040473
040534
040564
040583
040646
040716
040755
040762
040786
040795
040958
041005
041034
041112
041137
041205
041375
041388
041445
041504
041569
041602
041712
041779
041820
041998
042019
042048
042057
042186
042265
042279
042285
042287
042290
042323
042345
042387
042398
042400
042490
042546
042672
042779
042782
042783
042821
042826
042873
042898
042939
042949
042955
043004
043101
043112
043138
043187
043232
043241
043244
043287
043303
043379
043445
043472
043562
043600
043606
043650
043735
043737
043816
043859
043900
043917
043919
043968
044055
044104
044186
044325
044449
044461
044511
044518
044542
044544
044567
044577
044582
044587
044615
044626
044691
044779
044797
044859
044902
044992
045019
045108
045152
045199
045226
045320
045435
045473
045604
045797
045811
045862
045898
045959
045968
046001
046057
046073
046247
046252
046403
046452
046632
046647
046733
046760
046809
046904
046971
046990
047005
047179
047180
047201
047317
047359
047362
047377
047468
047504
047537
047577
047681
047778
047781
047849
047928
047945
048013
048016
048031
048159
048263
048294
048377
048402
048499
048536
048555
048766
048770
048835
049051
049133
049155
049163
049259
049294
049355
049395
049644
049687
049778
049799
049810
049822
049891
049912
049924
049927
049947
049965
049991
050014
050016
050017
050047
050178
050237
050309
050457
050463
050499
050501
050643
050699
050794
050860
050910
050970
051124
051132
051138
051191
051211
051223
051273
051295
051362
051438
051467
051478
051503
051622
051702
051768
051815
051841
051880
052093
052149
052173
052254
052262
052325
052398
052410
052490
052497
052637
052640
052648
052696
052730
052805
052825
052839
052847
052895
053090
053099
053154
053234
053239
053393
053461
053480
053500
053553
053611
053618
053674
053780
053950
054088
054115
054119
054141
054236
054263
054332
054369
054421
054429
054472
054530
054644
054648
054651
054679
054686
054719
054758
054849
054896
054946
055013
055137
055217
055294
055304
055336
055355
055377
055384
055391
055419
055435
055470
055491
055504
055600
055612
055797
055886
055974
056032
056183
056187
056224
056314
056317
056383
056485
056538
056560
056686
056720
056743
056769
056810
056857
057047
057087
057212
057280
057320
057488
057692
057699
057731
057811
057885
057995
057997
058010
058015
058056
058175
058177
058278
058302
058341
058373
058384
058416
058515
058520
058523
058550
058597
058645
058662
058776
058847
058859
058941
058972
059130
059201
059308
059465
059521
059536
059663
059709
059844
059884
059948
060063
060129
060132
060147
060250
060312
060376
060382
060383
060431
060477
060479
060568
060664
060751
060861
060877
060891
060945
060964
060981
060982
061009
061012
061112
061373
061404
061480
061701
061738
061917
062049
062068
062118
062121
062141
062143
062188
062198
062351
062461
062482
062610
062633
062653
062880
063028
063034
063171
063180
063309
063429
063550
063565
063580
063630
063759
063780
063794
063881
063897
063940
063946
064061
064204
064241
064276
064330
064366
064408
064468
064577
064581
064605
064653
064662
064685
064688
064689
064696
064764
064818
064902
064917
064925
064928
064989
065042
065059
065102
065117
065136
065195
065210
065235
065336
065380
065400
