000155
000225
000261
000281
000289
000574
000647
000751
000965
001027
001214
001242
001386
001970
002553
002559
002796
002896
003019
003035
003133
003165
003168
003672
004029
004417
004726
004886
005213
005217
005799
006014
006103
006175
006254
006592
006814
007247
007446
007531
007613
008206
008537
008690
008718
008938
009904
009979
010113
010192
010259
010292
010406
010784
010790
010805
011027
011071
011450
011625
011735
011879
011885
012123
012381
012558
013170
013597
013692
014060
014066
014278
014310
014366
014590
014609
014860
015102
015184
015375
015464
015542
015579
015595
015661
015755
015852
015885
016012
016161
016204
016230
016286
016388
016417
016503
016507
016583
016701
016963
017121
017237
017248
017413
017615
017673
017795
017824
017903
018013
018180
018331
018410
018575
019178
019577
019916
019918
020092
020099
020111
020131
020297
020332
020553
020800
020948
021018
021102
021676
021754
022054
022103
022140
022282
022451
022523
022700
022838
022858
022965
023027
023576
023666
024301
024339
024365
024488
024497
024721
024836
024842
024899
024901
024905
024925
025044
025104
025408
025478
025626
025679
025955
026438
026676
027394
027999
028309
028342
028401
028402
028548
028850
028905
029230
029561
029809
029862
029938
029974
030094
030323
030503
030536
030572
030666
030805
030854
031019
031309
031338
031400
031696
031703
032009
032143
032285
032377
032392
032602
033253
033671
033720
033734
033761
034295
034456
034607
034621
034779
034925
034939
035005
035063
035126
035136
035207
035439
035453
035481
035537
035603
035762
035802
036239
036394
036478
036504
037001
037006
037681
037703
037797
037850
037928
038128
038440
039087
039106
039426
039620
039971
040268
040283
040413
040473
040564
040583
040646
040958
041005
041137
041275
041375
041712
041779
042057
042398
042546
042939
043112
043244
043562
043606
043650
043735
043737
043777
043859
043900
043919
044417
044449
044511
044544
044577
044587
044615
044626
044902
045019
045199
045226
045320
045473
045797
045862
046001
046247
046760
047005
047201
047377
047468
047577
047778
048008
048016
048377
048499
048786
049355
049810
049927
049965
049991
050017
050309
050501
050794
050910
051132
051362
051503
051702
051815
051880
052093
052149
052217
052262
052398
052497
052640
052839
052847
052895
052956
053090
053239
053480
053500
053950
054236
054263
054644
054896
054946
055217
055304
055355
055391
055419
055612
055945
056720
056810
056857
057320
057731
057995
057997
058550
058597
058662
059130
059308
059536
059709
059948
060063
060250
060312
060383
060751
060861
061480
062003
062049
062118
062141
062143
063034
063171
063571
063580
064084
064276
064468
064577
064689
064738
064989
065099
065210
065380
065400
065484
