000020
000057
000236
000246
000261
000281
000289
000472
000574
000647
000750
000751
000877
000892
000965
001087
001242
001399
001736
001816
001954
001970
002132
002156
002163
002284
002551
002559
002603
002628
002661
002692
002723
002796
002896
002926
002975
002997
003019
003035
003096
003165
003168
003330
003525
003672
003847
003941
003971
004248
004417
004694
004726
004793
004849
004875
004886
004922
005129
005213
005217
005440
005499
005527
005888
006014
006015
006071
006085
006103
006175
006254
006325
006398
006421
006563
006813
006814
006850
006883
006961
006970
006981
007058
007109
007211
007374
007446
007492
007857
008098
008206
008718
008861
009163
009271
009294
009332
009337
009511
009581
009588
009761
009780
009911
009979
010113
010154
010192
010259
010292
010356
010406
010508
010548
010607
010637
010743
010784
010790
010948
010954
011024
011095
011396
011450
011453
011537
011664
011779
011885
012158
012765
012969
013096
013170
013327
013597
013613
013692
013964
014006
014060
014066
014310
014366
014574
014590
014609
014647
014687
014726
014785
014860
014972
015102
015184
015304
015375
015380
015464
015542
015551
015595
015661
015755
015852
015883
015885
016012
016161
016204
016230
016388
016417
016701
016735
016787
016916
016963
017121
017227
017237
017271
017615
017709
017721
017795
017936
017969
018013
018162
018180
018191
018219
018410
018510
019072
019178
019445
019567
019577
019618
019677
019916
019918
020099
020111
020131
020190
020240
020297
020332
020344
020384
020427
020718
020948
021018
021094
021102
021280
021366
021510
021586
021620
021676
021732
021890
022052
022054
022103
022120
022140
022153
022282
022288
022451
022503
022523
022537
022700
022796
022858
022865
022965
023027
023048
023065
023076
023142
023504
023612
023666
023695
024110
024129
024172
024237
024309
024353
024488
024545
024836
024905
024925
024932
025045
025055
025096
025104
025408
025478
025535
025659
025679
025804
026262
026676
026697
026764
026801
026966
027115
027337
027338
027394
027415
027682
027758
027761
027881
028028
028095
028147
028238
028310
028342
028401
028497
028548
028622
028723
028793
028849
028850
028905
028916
029218
029230
029450
029474
029485
029561
029562
029626
029732
029805
029809
029825
029938
029957
029974
030220
030503
030698
030700
030703
030726
030805
031019
031190
031203
031597
031624
031689
031943
032009
032028
032064
032128
032162
032268
032271
032285
032377
032392
032437
032924
033164
033176
033328
033691
033698
033720
033761
033796
033847
033859
034267
034278
034295
034320
034348
034370
034607
034621
034693
034779
035005
035039
035063
035136
035207
035439
035453
035481
035537
035655
035762
036173
036189
036239
036263
036283
036364
036394
036402
036478
036504
036574
036593
036623
036875
037238
037344
037516
037575
037703
037850
037928
038075
038128
038170
038328
038343
038440
038559
038562
038710
038777
038874
038906
038925
039087
039106
039109
039426
039433
039459
039606
039620
039861
039908
040167
040274
040413
040470
040473
040564
040716
040813
040836
040948
040983
041005
041112
041137
041375
041388
041445
041604
041712
041820
042048
042057
042064
042244
042279
042398
042400
042546
042595
042949
043054
043112
043232
043244
043433
043472
043562
043606
043735
043737
043816
043900
043919
044104
044186
044259
044449
044511
044518
044523
044542
044577
044587
044626
044691
044737
044854
044902
044992
045019
045066
045108
045152
045199
045226
045298
045320
045403
045491
045604
045634
045746
045797
045844
045862
046001
046025
046055
046073
046247
046252
046254
046452
046541
046699
046733
046760
046904
046943
046964
046971
046975
047005
047201
047350
047359
047377
047537
047541
047577
047671
047691
047981
048016
048225
048377
048555
048748
048835
049163
049259
049294
049332
049395
049724
049810
049912
049915
049927
049947
049965
050016
050237
050304
050309
050499
050501
050699
050794
050814
050910
051195
051362
051478
051525
051702
051768
051815
051880
052093
052149
052173
052254
052320
052398
052410
052497
052637
052640
052648
052696
052737
052839
052847
053090
053393
053461
053480
053500
053553
053668
053674
053780
053827
054084
054119
054236
054263
054387
054522
054530
054644
054648
054655
054686
054719
054758
054795
054946
055013
055137
055220
055304
055332
055377
055391
055415
055419
055504
055544
055778
055854
056032
056224
056314
056317
056540
056630
056715
056720
056757
056810
056857
057265
057320
057366
057731
057811
057922
057995
057997
058178
058391
058416
058513
058520
058550
058597
058662
058776
058812
058941
059130
059442
059465
059535
059536
059579
059709
059775
059948
060132
060147
060191
060250
060312
060382
060383
060479
060861
060964
060982
061276
061404
061480
061604
061701
061916
062049
062065
062118
062141
062143
062268
062482
062596
062653
062800
062880
063034
063171
063180
063429
063535
063580
063759
063780
063794
064204
064276
064284
064468
064577
064689
064712
065059
065210
065380
065400
065406
065445
