000020
000261
000281
000374
000485
000574
000647
000750
000751
000859
000965
000981
001167
001242
001970
002132
002225
002470
002559
002692
002796
002893
002896
002927
002997
003017
003019
003035
003117
003165
003168
003330
003332
003847
003891
004193
004417
004624
004849
004875
004955
004963
005117
005213
005217
005271
005527
005716
005825
005988
006014
006103
006175
006254
006814
006869
007144
007211
007281
007350
007446
007492
007507
007857
007895
008098
008190
008206
008569
008718
008856
009096
009224
009581
009925
009970
009979
010113
010136
010192
010259
010292
010406
010508
010743
010784
010786
010790
010967
011153
011450
011578
011797
011885
011938
012271
012781
012863
013597
013613
013692
013947
013964
014060
014066
014074
014310
014313
014360
014366
014574
014590
014609
014794
014860
014961
015102
015184
015280
015351
015372
015542
015552
015595
015661
015680
015755
015811
015852
015883
015885
015946
016012
016040
016204
016230
016417
016488
016526
016701
016801
016852
016913
016963
017121
017179
017615
017625
017782
017795
017883
018013
018095
018141
018180
018410
018708
018885
019359
019399
019445
019577
019591
019677
019916
019918
020011
020037
020099
020111
020131
020240
020297
020332
020402
020948
020964
021018
021045
021102
021280
021366
021401
021586
021667
021676
021815
021949
022054
022103
022140
022282
022451
022523
022700
022858
022865
022965
023027
023142
023612
023666
023740
024237
024343
024488
024836
024840
024881
024905
024925
025055
025104
025344
025408
025420
025478
025679
025750
025764
026157
026384
026676
026801
026802
026825
027003
027394
027410
027415
027452
027758
028230
028342
028401
028432
028548
029230
029450
029485
029561
029732
029809
029913
029938
029957
029974
030261
030503
030561
030726
030805
030899
031019
031170
031190
031203
031490
031569
031943
032005
032009
032162
032377
032392
033034
033403
033720
033761
033859
033978
034033
034607
034621
034693
034779
034982
035005
035063
035136
035207
035439
035453
035467
035481
035537
035760
035762
035882
036002
036213
036394
036478
036593
036623
036695
037253
037434
037525
037703
037850
037907
038128
038506
038828
038839
039087
039106
039426
039620
039621
040007
040034
040274
040418
040428
040473
040480
040518
040564
040727
040813
040983
041005
041112
041375
041445
041548
041667
041712
041794
041959
042036
042048
042057
042144
042279
042546
042624
042982
043112
043244
043562
043606
043610
043732
043735
043737
043900
043919
044062
044104
044449
044511
044523
044542
044572
044577
044587
044626
044854
044902
045066
045199
045226
045302
045797
045862
045969
046001
046044
046093
046247
046254
046452
046760
047005
047201
047377
047508
047541
047636
047677
048016
048358
048377
048432
048786
049294
049724
049810
049915
049927
049965
050016
050116
050304
050501
050708
050794
051110
051201
051362
051384
051466
051525
051568
051702
051815
051879
051880
051937
052050
052093
052149
052269
052320
052355
052398
052410
052497
052567
052637
052640
052659
052839
052847
052873
052932
053090
053480
053500
054038
054236
054263
054365
054488
054644
054719
054758
054946
054949
055018
055179
055304
055419
055544
055762
055854
055992
056715
056720
056810
056857
057192
057223
057320
057414
057731
057811
057841
057907
057995
057997
058251
058348
058391
058550
058597
058641
058662
059122
059130
059389
059533
059536
059579
059775
059948
060250
060312
060383
060470
060861
060964
061063
061480
061604
061701
061903
061916
062065
062118
062141
062143
062178
062233
062283
062430
062464
062596
062800
063025
063034
063171
063180
063455
063580
063650
064154
064276
064371
064442
064468
064689
064955
065210
065380
065400
