000020
000261
000281
000352
000485
000574
000647
000751
001167
001242
001275
001579
001970
002065
002132
002225
002559
002692
002796
002893
002896
002928
002997
003019
003035
003165
003168
003645
004177
004367
004875
005117
005176
005213
005217
005536
005716
006014
006103
006175
006254
006332
006411
006814
007211
007281
007446
007507
007661
007754
007827
007895
008174
008190
008320
008718
009479
009581
009979
010113
010136
010192
010209
010259
010292
010406
010504
010508
010784
010790
010864
010967
011323
011885
012476
012863
012908
013133
013597
013692
013964
014060
014066
014244
014310
014366
014574
014590
014609
014637
014860
015102
015184
015229
015280
015351
015372
015542
015595
015661
015707
015755
015852
015885
016012
016204
016230
016417
016488
016701
016963
017114
017121
017165
017346
017562
017615
017795
017841
017883
018013
018076
018095
018141
018164
018180
018410
018896
019577
019677
019798
019916
019918
020044
020099
020111
020131
020240
020297
020332
020812
020948
020964
021018
021045
021102
021153
021280
021676
021689
022054
022103
022140
022282
022451
022457
022523
022551
022700
022858
022965
023027
023174
023293
023478
023554
023612
023666
024481
024488
024820
024836
024905
024925
025104
025324
025408
025420
025478
025640
025679
025764
026222
026384
026676
026745
026786
026801
026884
027340
027394
027410
027452
027547
028401
028548
028593
028857
029067
029230
029244
029473
029485
029512
029561
029809
029918
029938
029974
030094
030170
030261
030310
030503
030805
030899
031019
031246
031490
031943
032009
032094
032377
032392
032515
032879
033506
033720
033859
034422
034551
034607
034621
034693
034779
034982
034990
035005
035063
035136
035207
035439
035453
035481
035537
035762
036394
036478
036593
036695
036773
037134
037703
037850
038128
038371
038839
038960
039048
039087
039106
039426
039620
040007
040311
040418
040473
040564
040750
040813
040983
041005
041012
041112
041375
041665
041712
041959
042036
042057
042546
042776
043112
043244
043562
043606
043735
043737
043900
043904
043919
044062
044104
044329
044449
044511
044523
044577
044587
044626
044854
044902
045066
045199
045226
045302
045320
045797
045862
046001
046044
046093
046247
046254
046472
046760
047005
047201
047377
047541
047677
048016
048260
048358
048377
048433
048786
049271
049556
049589
049724
049810
049927
049965
050054
050501
050794
051525
051702
051815
051880
052093
052149
052398
052497
052640
052728
052758
052839
052847
053090
053379
053429
053480
053500
053531
053958
054201
054236
054263
054403
054644
054738
054926
054946
055223
055304
055419
055544
055762
055854
055992
056715
056720
056735
056810
056857
057223
057320
057731
057841
057907
057995
057997
058391
058550
058597
058662
058799
059269
059284
059533
059536
059948
060250
060312
060383
060861
061063
061106
061118
061480
061500
061604
061916
062118
062141
062143
062596
063034
063171
063580
063650
064154
064276
064442
064468
064544
064689
064955
065040
065210
065380
065400
