000155
000225
000261
000281
000289
000352
000574
000647
000750
000751
000965
001027
001087
001214
001242
001275
001361
001386
001736
001918
001970
002132
002156
002298
002419
002559
002603
002723
002796
002800
002896
003019
003035
003049
003133
003165
003168
003330
003645
003672
003847
003932
003971
004029
004062
004248
004367
004417
004726
004886
005176
005213
005217
005221
005440
005499
005527
005799
005888
006014
006015
006071
006103
006175
006254
006325
006332
006376
006411
006592
006648
006814
006970
007374
007446
007531
007613
007721
007754
007827
007857
007899
008174
008206
008320
008537
008718
008861
008938
009332
009468
009479
009684
009761
009979
009994
010113
010154
010192
010209
010259
010292
010406
010548
010607
010784
010790
010805
010864
010946
010948
011024
011071
011095
011323
011450
011735
011879
011885
011933
012123
012158
012343
012381
012476
012765
012969
013008
013096
013170
013597
013613
013649
013692
013868
014006
014058
014060
014066
014244
014252
014278
014310
014366
014461
014574
014590
014609
014637
014785
014860
014995
015102
015184
015229
015375
015464
015542
015579
015595
015661
015755
015852
015883
015885
015928
016012
016161
016204
016230
016286
016384
016388
016417
016503
016507
016583
016701
016735
016787
016963
017114
017121
017165
017189
017237
017248
017346
017413
017615
017617
017673
017709
017795
017824
017841
017903
017936
017969
018013
018076
018164
018180
018286
018410
018510
018575
018723
019072
019178
019445
019567
019577
019677
019916
019918
020044
020092
020099
020111
020131
020190
020297
020332
020458
020757
020948
020979
021018
021094
021102
021153
021586
021620
021676
021890
022054
022103
022140
022153
022282
022288
022401
022451
022523
022551
022560
022700
022796
022858
022865
022965
022967
023027
023076
023142
023478
023576
023666
023695
023909
024110
024129
024237
024301
024309
024339
024365
024488
024497
024512
024721
024820
024836
024842
024899
024901
024905
024925
024932
025044
025055
025104
025365
025408
025478
025626
025679
025763
025804
025955
026222
026262
026432
026438
026567
026676
026697
026745
026786
026801
027115
027337
027338
027340
027394
027397
027758
027999
028095
028242
028309
028342
028401
028402
028470
028497
028548
028622
028793
028850
028857
028905
029067
029218
029230
029244
029266
029450
029512
029561
029732
029809
029825
029862
029918
029938
029957
029974
030063
030170
030269
030310
030503
030536
030572
030666
030700
030726
030742
030805
030854
031019
031190
031338
031400
031696
031703
032009
032028
032114
032137
032143
032162
032285
032377
032392
032408
032515
032602
032974
033164
033253
033305
033328
033506
033671
033698
033720
033734
033761
033807
033847
034150
034295
034320
034348
034382
034551
034607
034621
034779
034925
034939
035005
035063
035071
035126
035136
035207
035439
035444
035453
035481
035507
035537
035593
035603
035762
035802
035804
035884
036239
036394
036478
036504
036623
036773
036875
037001
037006
037134
037238
037410
037593
037681
037703
037850
037928
038075
038128
038170
038440
038559
038813
038912
038925
038960
039087
039106
039109
039390
039426
039459
039606
039620
039908
039971
040167
040268
040274
040283
040311
040413
040470
040473
040534
040564
040583
040620
040646
040716
040750
040795
040958
041005
041112
041137
041195
041275
041375
041388
041445
041665
041712
041753
041779
042048
042057
042265
042279
042285
042287
042398
042546
042776
042939
042949
042955
043112
043232
043244
043397
043445
043472
043562
043606
043613
043650
043735
043737
043816
043859
043900
043919
044353
044417
044449
044511
044518
044523
044542
044544
044577
044582
044587
044615
044626
044691
044854
044902
044992
045019
045066
045108
045152
045199
045226
045320
045435
045473
045604
045746
045797
045862
046001
046073
046247
046252
046289
046452
046467
046472
046495
046760
046809
046904
046971
047005
047201
047359
047377
047468
047577
047602
047778
048016
048156
048260
048377
048433
048499
048536
048580
048766
049051
049133
049163
049259
049294
049355
049810
049927
049965
049991
050016
050017
050237
050309
050390
050499
050501
050699
050780
050794
050910
050970
051132
051273
051362
051478
051503
051629
051702
051768
051815
051880
052093
052149
052173
052217
052221
052254
052262
052398
052410
052497
052637
052640
052648
052696
052728
052758
052839
052847
052895
052956
053090
053239
053379
053393
053461
053480
053500
053553
053611
053780
053950
053958
054141
054236
054263
054332
054447
054530
054644
054648
054679
054686
054719
054758
054896
054926
054946
055013
055137
055217
055223
055304
055355
055391
055419
055472
055504
055612
055945
056183
056224
056314
056642
056720
056735
056810
056857
057096
057196
057320
057731
057811
057995
057997
058010
058384
058515
058550
058597
058638
058662
058776
058799
058941
059033
059130
059269
059284
059308
059465
059536
059709
059948
060063
060181
060231
060250
060312
060383
060479
060751
060861
060964
060982
061375
061404
061480
061701
062049
062118
062141
062143
062482
062653
062767
062880
063028
063034
063171
063180
063429
063571
063580
063759
063780
063794
063946
064204
064241
064276
064324
064468
064544
064577
064688
064689
064989
065040
065059
065136
065210
065335
065380
065400
