000020
000236
000261
000281
000352
000574
000647
000751
001242
001275
001970
002132
002559
002692
002796
002893
002896
002997
003019
003027
003035
003068
003165
003168
003645
003847
004177
004367
004849
004875
005117
005176
005196
005213
005217
005265
005271
005536
006014
006103
006175
006254
006332
006411
006600
006814
007211
007446
007492
007754
007827
007972
008098
008174
008320
008422
008718
009479
009581
009979
010106
010113
010192
010209
010259
010292
010406
010508
010743
010784
010790
010864
011323
011696
011885
012476
013179
013415
013597
013692
013964
014060
014066
014244
014310
014366
014574
014590
014609
014637
014647
014860
015102
015184
015229
015405
015542
015595
015661
015707
015755
015852
015883
015885
015980
016012
016204
016230
016261
016417
016488
016701
016852
016963
017114
017121
017165
017189
017346
017557
017562
017615
017795
017841
017955
018013
018062
018076
018164
018180
018410
018492
019577
019677
019916
019918
020044
020099
020111
020131
020172
020240
020297
020332
020644
020812
020948
020964
021018
021045
021102
021153
021196
021280
021366
021676
021835
022054
022103
022140
022194
022282
022451
022523
022529
022551
022700
022840
022858
022965
023027
023478
023612
023666
024015
024488
024820
024836
024905
024925
025055
025104
025324
025408
025420
025478
025679
026222
026676
026745
026786
026801
027340
027394
027415
027874
028401
028548
028593
028857
029067
029230
029244
029450
029473
029485
029512
029548
029561
029809
029918
029938
029974
029976
030094
030170
030289
030310
030503
030526
030561
030805
030841
031019
031203
031490
031943
032009
032377
032392
032515
032699
033506
033720
033859
034551
034607
034621
034693
034779
034982
035005
035063
035136
035207
035311
035439
035453
035481
035537
035762
036266
036394
036478
036504
036593
036773
037134
037569
037703
037850
038012
038128
038960
039087
039106
039426
039620
040311
040473
040564
040750
040813
040983
040987
041005
041112
041375
041445
041665
041712
042057
042546
042595
042776
043112
043244
043562
043606
043735
043737
043787
043900
043919
044434
044449
044511
044523
044577
044587
044626
044854
044902
045066
045199
045226
045302
045491
045797
045862
046001
046093
046164
046247
046254
046472
046702
046760
047005
047201
047377
047541
047677
048016
048072
048260
048377
048433
049556
049724
049810
049915
049927
049965
050304
050409
050501
050794
051240
051249
051525
051702
051810
051815
051880
052093
052149
052398
052497
052640
052728
052758
052839
052847
053090
053379
053480
053500
053958
054201
054236
054263
054644
054758
054906
054926
054946
055210
055223
055304
055392
055419
055544
055635
055684
055921
056715
056720
056735
056810
056857
057320
057731
057811
057995
057997
058391
058550
058597
058662
058799
059269
059284
059521
059536
059579
059775
059948
060250
060312
060383
060861
060994
061118
061480
061604
061664
061701
061916
062065
062118
062141
062143
062572
062596
062599
062800
063034
063125
063141
063171
063580
064154
064276
064468
064544
064689
065040
065073
065210
065380
065400
065513
