000001
000006
000020
000054
000105
000155
000225
000248
000261
000281
000352
000485
000574
000591
000626
000647
000750
000751
000782
000856
000858
000877
000878
000965
001027
001184
001242
001258
001275
001324
001328
001361
001367
001416
001417
001470
001641
001645
001831
001848
001853
001918
001970
002132
002156
002357
002376
002393
002419
002470
002477
002481
002510
002548
002559
002593
002634
002636
002655
002656
002692
002796
002893
002896
002988
003019
003035
003089
003133
003165
003168
003190
003330
003387
003428
003465
003468
003537
003618
003645
003669
003689
003700
003775
003843
003847
003864
003887
003920
003932
003936
003939
004003
004029
004062
004078
004157
004367
004406
004417
004534
004689
004709
004817
004835
004849
004870
004875
004886
004924
004974
004990
005101
005117
005123
005176
005213
005214
005216
005217
005218
005221
005270
005271
005287
005308
005328
005344
005417
005499
005527
005548
005639
005716
005761
005775
005799
005806
005837
005848
005940
005958
005984
006014
006084
006090
006103
006175
006254
006256
006332
006343
006376
006380
006397
006411
006434
006609
006644
006814
006988
007019
007083
007139
007160
007233
007242
007266
007281
007284
007349
007446
007507
007669
007671
007754
007792
007827
007857
007863
007874
007899
007961
008098
008111
008127
008155
008167
008174
008177
008206
008259
008279
008320
008370
008384
008414
008455
008456
008462
008492
008537
008562
008593
008599
008689
008718
008758
008825
008884
008938
008998
009057
009071
009094
009156
009344
009468
009479
009529
009548
009572
009589
009605
009631
009665
009681
009694
009821
009964
009979
009994
010113
010136
010170
010192
010209
010216
010226
010259
010292
010370
010390
010406
010424
010498
010508
010550
010573
010589
010606
010743
010781
010784
010786
010790
010805
010855
010864
010872
010946
010967
011071
011194
011226
011249
011312
011323
011338
011365
011376
011398
011403
011450
011478
011577
011620
011643
011693
011696
011735
011736
011745
011777
011784
011879
011885
011933
011956
012030
012032
012063
012123
012150
012180
012228
012250
012259
012269
012277
012381
012405
012476
012520
012629
012665
012741
012802
012834
012934
013008
013070
013128
013164
013180
013204
013227
013268
013284
013457
013467
013520
013597
013613
013643
013692
013749
013770
013778
013790
013868
013884
013963
013964
014060
014066
014074
014128
014137
014228
014244
014278
014310
014366
014412
014483
014586
014590
014609
014637
014691
014726
014797
014860
014886
014912
015042
015051
015096
015102
015112
015122
015133
015170
015184
015188
015209
015216
015227
015229
015330
015337
015351
015356
015372
015436
015440
015465
015542
015579
015595
015661
015673
015753
015755
015785
015788
015852
015883
015885
015907
015923
015963
015980
015984
016012
016017
016057
016088
016204
016230
016346
016378
016384
016388
016413
016417
016452
016488
016503
016515
016516
016551
016554
016594
016628
016648
016669
016701
016712
016779
016801
016863
016878
016920
016963
016978
017114
017121
017165
017170
017181
017189
017243
017248
017265
017346
017369
017409
017413
017510
017531
017557
017579
017582
017589
017615
017617
017673
017734
017745
017795
017824
017841
017852
017883
017903
017910
017935
017948
017984
018013
018021
018076
018078
018095
018096
018164
018180
018249
018338
018344
018365
018410
018458
018471
018575
018716
018737
018841
018866
018972
019013
019024
019072
019088
019093
019220
019313
019337
019432
019445
019529
019577
019665
019677
019686
019797
019815
019893
019916
019918
019920
019990
020011
020044
020045
020058
020073
020082
020086
020092
020099
020111
020117
020131
020134
020189
020195
020230
020240
020297
020332
020362
020395
020399
020458
020602
020652
020757
020819
020919
020947
020948
021018
021043
021102
021153
021211
021235
021280
021288
021404
021406
021586
021651
021665
021676
021754
021755
021835
021858
021877
021886
021890
021901
021958
022054
022102
022103
022140
022198
022227
022262
022282
022379
022398
022418
022447
022451
022493
022523
022550
022551
022560
022670
022679
022700
022782
022787
022848
022858
022865
022935
022955
022965
023004
023027
023142
023157
023256
023322
023334
023354
023478
023566
023576
023612
023663
023666
023726
023740
023799
023804
023821
023909
023952
024109
024145
024214
024237
024242
024301
024311
024349
024412
024445
024488
024496
024523
024693
024721
024723
024732
024801
024820
024836
024842
024899
024901
024905
024925
024932
025019
025055
025060
025104
025141
025188
025243
025253
025267
025270
025277
025365
025408
025420
025478
025626
025637
025655
025670
025679
025725
025764
025789
025804
025808
025832
025838
025865
025955
026024
026133
026222
026264
026472
026501
026503
026559
026567
026584
026598
026676
026745
026786
026791
026801
026895
026934
026943
026946
027019
027046
027140
027167
027203
027228
027263
027319
027328
027340
027369
027375
027394
027397
027415
027435
027444
027452
027469
027568
027727
027758
027778
027873
027962
027965
028016
028020
028105
028117
028225
028230
028242
028342
028401
028402
028470
028498
028507
028548
028554
028567
028604
028644
028674
028688
028836
028857
028877
028903
028938
029040
029067
029203
029230
029244
029289
029450
029512
029514
029530
029544
029548
029561
029612
029676
029677
029809
029862
029918
029938
029957
029970
029974
030033
030061
030063
030170
030172
030310
030324
030327
030364
030498
030503
030561
030642
030653
030666
030720
030730
030805
030841
030899
030973
031019
031203
031258
031399
031400
031582
031596
031715
031720
031735
031869
031908
031918
031969
031983
032005
032009
032019
032078
032137
032143
032162
032209
032221
032263
032368
032377
032392
032415
032423
032426
032456
032486
032497
032515
032583
032602
032631
032719
032780
032787
032813
032934
032936
032942
032965
032980
032996
033038
033150
033161
033162
033253
033278
033309
033318
033386
033427
033459
033491
033493
033506
033534
033560
033591
033619
033631
033671
033672
033720
033734
033748
033761
033805
033842
033859
033882
033928
033948
033960
034050
034070
034075
034116
034146
034188
034229
034293
034375
034382
034433
034551
034607
034621
034693
034776
034779
034784
034817
034910
034925
034939
034970
034982
035005
035063
035071
035114
035126
035136
035207
035216
035319
035324
035327
035346
035358
035369
035377
035439
035453
035481
035499
035502
035507
035537
035603
035652
035749
035762
035785
035804
035862
035918
035931
035950
035971
035975
035990
036004
036029
036331
036390
036394
036478
036484
036504
036541
036598
036601
036675
036731
036773
036824
037001
037006
037134
037336
037395
037397
037405
037457
037491
037497
037593
037703
037771
037850
037943
038018
038128
038549
038648
038654
038726
038744
038763
038839
038864
038907
038960
038977
038983
039048
039087
039106
039159
039230
039299
039330
039426
039427
039498
039568
039597
039614
039620
039645
039647
039782
039835
039902
039995
040030
040057
040081
040268
040274
040283
040311
040312
040317
040349
040360
040376
040379
040426
040440
040473
040480
040504
040509
040534
040535
040564
040583
040609
040620
040646
040650
040727
040750
040762
040795
040813
040908
040958
041005
041195
041225
041257
041275
041276
041347
041354
041375
041384
041445
041452
041487
041520
041539
041602
041665
041693
041709
041712
041779
041904
042036
042048
042057
042085
042187
042207
042265
042279
042320
042349
042387
042394
042398
042514
042546
042599
042635
042637
042682
042746
042753
042776
042798
042834
042873
042881
042923
043096
043101
043112
043145
043181
043244
043265
043268
043392
043397
043427
043562
043606
043650
043670
043673
043720
043735
043737
043744
043787
043793
043797
043820
043857
043859
043887
043888
043900
043904
043919
043936
044043
044062
044192
044325
044329
044353
044434
044449
044472
044502
044511
044523
044542
044577
044587
044614
044626
044735
044779
044811
044854
044859
044902
044905
044963
045003
045019
045025
045066
045130
045199
045224
045226
045287
045302
045473
045494
045511
045580
045614
045634
045666
045673
045714
045766
045797
045853
045862
046001
046041
046044
046093
046130
046155
046210
046243
046247
046294
046436
046472
046576
046725
046760
046809
046892
046970
046990
047005
047184
047201
047228
047264
047297
047353
047362
047363
047377
047441
047506
047535
047541
047561
047590
047602
047621
047687
047698
047778
047826
047849
047874
047880
047971
048016
048061
048100
048156
048196
048246
048260
048263
048326
048328
048358
048377
048402
048412
048433
048460
048499
048546
048553
048580
048660
048727
048747
048836
048973
049016
049030
049038
049045
049133
049149
049154
049167
049278
049288
049294
049300
049340
049355
049465
049473
049504
049573
049724
049758
049799
049810
049847
049915
049927
049965
049990
049991
050016
050017
050136
050149
050162
050215
050268
050344
050390
050463
050497
050501
050523
050528
050631
050772
050794
050795
050817
050845
050860
051014
051047
051056
051132
051191
051201
051225
051263
051297
051358
051362
051407
051416
051503
051525
051538
051629
051702
051729
051758
051815
051880
052028
052090
052093
052114
052149
052217
052262
052270
052320
052371
052398
052410
052490
052497
052604
052640
052641
052728
052758
052825
052839
052847
052873
052947
053071
053072
053077
053090
053113
053144
053154
053234
053271
053327
053360
053379
053429
053470
053480
053500
053582
053633
053640
053705
053789
053876
053950
053958
054053
054100
054139
054222
054236
054263
054267
054338
054383
054429
054430
054441
054458
054520
054643
054644
054679
054705
054719
054748
054757
054758
054775
054896
054926
054946
054949
055068
055101
055217
055222
055223
055304
055355
055392
055395
055408
055419
055454
055524
055611
055612
055616
055662
055709
055760
055847
055888
055945
055974
056087
056156
056228
056400
056444
056451
056491
056558
056642
056660
056667
056678
056682
056686
056715
056720
056735
056810
056814
056857
057054
057127
057152
057190
057196
057212
057213
057223
057225
057320
057350
057488
057679
057694
057699
057731
057811
057857
057900
057950
057963
057995
057997
058001
058046
058096
058203
058233
058234
058236
058239
058302
058306
058314
058341
058384
058391
058497
058520
058550
058564
058572
058597
058645
058662
058709
058738
058761
058799
058867
058974
059035
059118
059129
059130
059171
059247
059269
059284
059301
059308
059386
059409
059521
059533
059536
059579
059615
059663
059673
059688
059698
059758
059768
059775
059873
059884
059948
060030
060063
060181
060214
060250
060276
060312
060377
060383
060412
060477
060499
060562
060568
060574
060576
060580
060587
060614
060650
060662
060682
060751
060830
060861
060891
060941
060964
061012
061029
061054
061063
061124
061131
061150
061154
061169
061181
061224
061268
061302
061337
061352
061375
061395
061406
061448
061480
061514
061551
061604
061607
061664
061674
061701
061738
061830
061900
061903
061916
062053
062065
062074
062118
062121
062139
062141
062143
062191
062198
062228
062287
062351
062461
062596
062724
062732
062767
062778
062800
062862
062912
062922
062972
063034
063120
063125
063136
063163
063171
063180
063236
063252
063258
063288
063297
063504
063580
063584
063587
063604
063608
063625
063694
063763
063837
063848
063889
063890
063946
064071
064074
064113
064190
064206
064241
064276
064309
064324
064343
064408
064442
064468
064489
064544
064569
064610
064653
064662
064685
064689
064752
064757
064838
064892
064900
064902
064925
065040
065042
065082
065098
065134
065186
065210
065333
065336
065352
065380
065400
