000054
000155
000225
000261
000281
000289
000352
000525
000574
000647
000750
000751
000877
000965
001027
001087
001214
001242
001275
001361
001386
001736
001918
001970
002132
002156
002298
002419
002559
002603
002723
002796
002800
002896
003019
003035
003042
003049
003133
003165
003168
003330
003645
003672
003689
003847
003932
003939
003971
004029
004062
004248
004367
004417
004689
004694
004726
004870
004886
004924
005123
005176
005213
005217
005221
005440
005499
005527
005536
005548
005752
005799
005888
005940
006014
006015
006071
006090
006103
006175
006254
006325
006332
006411
006421
006592
006644
006814
006850
006883
006970
007374
007446
007531
007613
007721
007754
007776
007827
007857
007863
007899
008174
008206
008279
008320
008370
008537
008593
008718
008758
008861
008884
008938
009071
009332
009468
009479
009684
009761
009821
009979
009994
010113
010154
010192
010209
010259
010292
010370
010406
010424
010498
010548
010607
010784
010790
010805
010864
010946
010948
011024
011071
011095
011323
011365
011450
011643
011735
011736
011879
011885
011933
012123
012158
012238
012343
012381
012476
012520
012629
012765
012969
013008
013044
013096
013164
013170
013180
013284
013597
013613
013649
013692
013778
013868
014006
014058
014060
014066
014244
014252
014278
014310
014366
014405
014412
014461
014574
014590
014609
014637
014785
014860
014912
014995
015102
015170
015184
015227
015229
015375
015436
015445
015464
015542
015579
015595
015619
015661
015755
015785
015788
015852
015883
015885
015923
015928
016012
016088
016161
016204
016230
016286
016378
016384
016388
016417
016503
016507
016516
016583
016701
016735
016787
016878
016915
016963
017114
017121
017165
017170
017189
017237
017248
017346
017348
017413
017615
017617
017673
017709
017721
017795
017824
017841
017903
017935
017936
017948
017969
018013
018014
018076
018164
018180
018286
018344
018410
018471
018510
018575
018716
018723
019072
019088
019178
019337
019445
019567
019577
019618
019677
019686
019815
019841
019854
019916
019918
019990
020044
020092
020099
020111
020131
020190
020297
020332
020458
020757
020919
020947
020948
020979
021018
021094
021102
021153
021586
021620
021676
021729
021755
021877
021890
021958
022054
022103
022140
022153
022282
022288
022398
022401
022451
022523
022551
022560
022581
022700
022787
022796
022835
022858
022865
022965
022967
023027
023076
023142
023256
023478
023576
023666
023695
023726
023909
024110
024129
024237
024242
024301
024309
024339
024365
024488
024497
024512
024721
024820
024836
024842
024899
024901
024905
024925
024932
025044
025055
025104
025365
025408
025478
025626
025637
025655
025679
025763
025804
025924
025955
026222
026262
026271
026432
026567
026676
026697
026745
026786
026801
027115
027337
027338
027340
027394
027397
027758
027999
028016
028095
028225
028242
028309
028342
028401
028402
028470
028497
028548
028622
028773
028793
028850
028857
028905
028973
029040
029067
029183
029203
029218
029230
029244
029266
029450
029512
029561
029732
029800
029805
029809
029825
029862
029918
029938
029957
029970
029974
030061
030063
030170
030220
030310
030503
030536
030572
030642
030666
030700
030726
030742
030805
030854
031019
031190
031338
031400
031696
031703
031754
032009
032028
032064
032114
032128
032137
032143
032162
032209
032221
032263
032285
032377
032392
032408
032497
032515
032602
032974
033161
033162
033164
033253
033305
033318
033328
033387
033506
033671
033672
033698
033720
033734
033748
033761
033805
033807
033847
034146
034150
034295
034320
034348
034382
034433
034551
034607
034621
034624
034779
034925
034939
034970
035005
035063
035071
035126
035136
035207
035216
035439
035444
035453
035481
035507
035537
035593
035603
035762
035802
035804
035884
035931
036239
036394
036478
036504
036541
036623
036773
036824
036875
037001
037006
037134
037238
037410
037491
037593
037681
037703
037771
037850
037928
038075
038128
038170
038440
038559
038726
038813
038864
038912
038925
038960
039087
039106
039109
039390
039426
039459
039606
039620
039835
039908
039971
039995
040030
040167
040268
040274
040283
040311
040413
040470
040473
040480
040534
040564
040583
040620
040646
040716
040750
040786
040795
040958
041005
041112
041137
041195
041275
041375
041388
041445
041520
041539
041602
041665
041693
041712
041753
041779
042048
042057
042265
042279
042285
042287
042323
042398
042400
042546
042635
042753
042776
042873
042939
042949
042955
043101
043112
043232
043244
043392
043397
043445
043472
043562
043606
043613
043650
043735
043737
043744
043816
043820
043859
043900
043919
043968
044325
044353
044417
044449
044511
044518
044523
044542
044544
044577
044582
044587
044614
044615
044626
044691
044779
044854
044902
044963
044992
045019
045066
045108
045152
045199
045220
045226
045320
045435
045473
045511
045604
045746
045797
045862
046001
046073
046247
046252
046289
046452
046467
046472
046495
046760
046809
046904
046971
046990
047005
047201
047297
047359
047362
047369
047377
047468
047561
047577
047602
047778
048016
048156
048206
048246
048260
048263
048326
048377
048402
048433
048499
048536
048580
048766
049051
049133
049163
049259
049294
049355
049810
049927
049965
049991
050016
050017
050222
050237
050309
050390
050499
050501
050699
050780
050794
050910
050970
051132
051191
051273
051362
051478
051503
051629
051702
051768
051815
051880
052093
052149
052173
052217
052221
052254
052262
052398
052410
052490
052497
052637
052640
052641
052648
052696
052728
052758
052839
052847
052895
052956
053090
053154
053239
053377
053379
053393
053461
053480
053500
053553
053611
053780
053950
053958
054140
054141
054222
054236
054263
054332
054429
054447
054520
054530
054644
054648
054679
054686
054719
054744
054758
054775
054896
054926
054946
055013
055137
055217
055223
055304
055355
055391
055417
055419
055472
055504
055612
055945
055974
056032
056183
056224
056314
056642
056720
056735
056810
056857
057196
057320
057488
057699
057731
057811
057950
057995
057997
058010
058341
058384
058515
058550
058597
058638
058645
058662
058776
058799
058941
059033
059130
059201
059269
059284
059308
059449
059465
059536
059673
059698
059709
059884
059948
060063
060147
060181
060250
060312
060383
060431
060479
060568
060650
060751
060861
060891
060964
060982
061012
061054
061302
061352
061375
061404
061480
061514
061607
061701
062049
062118
062121
062139
062141
062143
062351
062461
062482
062653
062767
062862
062880
063028
063034
063136
063171
063180
063297
063429
063571
063580
063759
063780
063794
063946
064074
064204
064241
064276
064324
064366
064408
064468
064544
064577
064610
064662
064685
064688
064689
064902
064925
064989
065040
065059
065136
065210
065335
065336
065380
065400
