000001
000054
000105
000155
000222
000225
000261
000281
000289
000352
000384
000407
000441
000460
000525
000574
000626
000647
000650
000688
000750
000751
000858
000877
000878
000917
000965
001027
001036
001087
001184
001214
001242
001275
001324
001328
001333
001361
001362
001367
001386
001640
001645
001704
001706
001736
001816
001848
001853
001918
001954
001970
002084
002132
002156
002163
002284
002298
002329
002357
002376
002393
002419
002481
002551
002559
002603
002655
002723
002796
002800
002809
002833
002896
002947
002988
003019
003035
003049
003091
003133
003165
003168
003330
003387
003428
003525
003645
003669
003672
003689
003847
003864
003887
003932
003939
003971
004029
004054
004062
004071
004078
004168
004221
004248
004367
004406
004417
004689
004694
004726
004747
004835
004846
004870
004886
004916
004922
004924
004990
005058
005085
005123
005126
005129
005176
005195
005213
005214
005217
005221
005274
005287
005308
005328
005417
005440
005499
005527
005548
005567
005639
005678
005755
005765
005799
005806
005821
005848
005888
005940
005947
005984
006014
006015
006071
006084
006090
006103
006150
006175
006254
006325
006332
006365
006380
006397
006398
006411
006421
006434
006470
006592
006609
006644
006648
006814
006879
006883
006970
006988
007019
007139
007160
007188
007233
007279
007374
007446
007531
007613
007671
007685
007721
007754
007762
007776
007827
007836
007857
007863
007874
007899
008001
008111
008127
008155
008174
008177
008206
008231
008239
008279
008320
008370
008456
008492
008515
008526
008537
008562
008593
008680
008689
008718
008753
008758
008825
008861
008884
008938
008998
009057
009071
009094
009156
009294
009332
009468
009479
009572
009573
009589
009681
009690
009694
009745
009761
009821
009964
009979
009994
010113
010154
010192
010209
010216
010259
010292
010370
010406
010424
010498
010548
010550
010589
010606
010607
010637
010670
010784
010790
010805
010864
010872
010916
010938
010946
010948
010974
011024
011071
011082
011095
011143
011167
011194
011270
011312
011323
011338
011350
011365
011376
011396
011398
011450
011564
011577
011643
011664
011735
011736
011745
011784
011861
011879
011885
011912
011933
011996
012030
012032
012063
012123
012150
012158
012180
012228
012238
012250
012259
012269
012343
012381
012405
012476
012518
012520
012527
012629
012653
012665
012741
012765
012802
012821
012834
012969
013008
013044
013070
013096
013164
013170
013180
013204
013232
013237
013284
013467
013529
013597
013613
013643
013649
013692
013741
013770
013778
013780
013790
013868
014006
014058
014060
014066
014244
014278
014310
014313
014366
014412
014461
014473
014483
014571
014574
014590
014609
014637
014740
014785
014797
014860
014886
014912
014995
015042
015051
015055
015102
015112
015170
015184
015188
015196
015227
015229
015283
015325
015375
015436
015461
015464
015465
015508
015542
015551
015579
015595
015619
015661
015704
015711
015755
015785
015788
015852
015883
015885
015907
015922
015923
015928
015984
016012
016057
016088
016161
016204
016230
016286
016378
016384
016388
016413
016417
016452
016503
016507
016515
016516
016554
016583
016594
016614
016648
016669
016701
016712
016735
016787
016828
016842
016863
016878
016920
016963
016978
017023
017114
017121
017165
017170
017189
017237
017243
017248
017265
017271
017346
017348
017369
017413
017510
017531
017582
017589
017615
017617
017673
017709
017734
017745
017795
017824
017841
017903
017913
017935
017936
017948
017969
017984
018013
018014
018076
018164
018180
018249
018338
018344
018365
018410
018458
018471
018510
018575
018617
018716
018723
018737
018841
018866
018875
019013
019024
019072
019088
019093
019152
019178
019222
019337
019379
019432
019445
019481
019504
019529
019567
019577
019610
019618
019665
019677
019686
019742
019797
019800
019815
019841
019854
019916
019918
019920
019990
020011
020044
020058
020073
020092
020099
020111
020131
020134
020190
020195
020292
020296
020297
020332
020384
020395
020399
020455
020458
020602
020631
020718
020757
020782
020819
020894
020919
020947
020948
020979
021018
021043
021062
021094
021102
021109
021153
021211
021235
021288
021389
021404
021406
021586
021607
021620
021651
021676
021755
021877
021886
021890
021901
021919
021958
022054
022103
022140
022153
022198
022224
022262
022282
022288
022297
022379
022398
022401
022418
022447
022451
022472
022523
022550
022551
022560
022581
022679
022700
022786
022787
022796
022835
022848
022858
022865
022935
022955
022965
022967
023027
023048
023076
023142
023157
023178
023256
023322
023334
023430
023478
023538
023576
023663
023666
023695
023726
023766
023804
023909
023952
024055
024109
024110
024129
024145
024189
024214
024237
024242
024301
024309
024311
024339
024365
024488
024496
024497
024512
024600
024721
024732
024820
024824
024836
024839
024842
024878
024899
024901
024905
024925
024932
025044
025055
025104
025141
025188
025215
025230
025243
025270
025277
025365
025391
025408
025478
025590
025606
025626
025637
025655
025679
025762
025763
025804
025808
025832
025838
025865
025924
025955
025959
026024
026025
026133
026168
026222
026262
026264
026271
026432
026438
026472
026489
026503
026559
026567
026617
026676
026697
026706
026745
026786
026791
026801
026895
026943
027007
027019
027115
027127
027140
027203
027263
027319
027337
027338
027340
027373
027375
027394
027397
027430
027435
027444
027547
027574
027670
027727
027758
027778
027921
027962
027965
027999
028016
028020
028058
028095
028105
028117
028147
028225
028238
028242
028247
028309
028310
028320
028342
028401
028402
028425
028470
028497
028498
028507
028548
028567
028604
028622
028631
028644
028672
028674
028747
028773
028793
028849
028850
028857
028877
028905
028916
028938
028973
028998
029040
029067
029183
029203
029218
029230
029244
029266
029439
029450
029512
029514
029530
029544
029561
029676
029677
029732
029800
029805
029809
029825
029862
029918
029938
029957
029970
029974
030033
030061
030063
030170
030172
030220
030310
030324
030364
030483
030498
030503
030536
030572
030641
030642
030653
030666
030700
030703
030720
030726
030733
030742
030805
030854
030875
030921
031019
031190
031258
031285
031338
031399
031400
031596
031630
031689
031696
031703
031715
031754
031918
031969
031983
032009
032019
032028
032062
032064
032078
032114
032137
032143
032162
032209
032221
032263
032271
032285
032368
032377
032392
032408
032415
032423
032437
032486
032497
032515
032590
032602
032610
032696
032787
032797
032813
032924
032934
032942
032965
032974
032980
032996
033022
033150
033161
033162
033164
033253
033278
033305
033309
033318
033328
033387
033427
033491
033493
033506
033560
033591
033619
033661
033671
033672
033698
033720
033734
033748
033750
033761
033805
033807
033842
033845
033847
033928
033948
034050
034067
034070
034075
034146
034150
034152
034293
034295
034320
034348
034375
034382
034433
034527
034551
034607
034621
034776
034779
034789
034910
034925
034939
034954
034970
034982
035005
035063
035071
035086
035114
035126
035136
035148
035207
035216
035346
035358
035369
035397
035400
035439
035444
035453
035481
035482
035499
035507
035537
035593
035603
035606
035727
035762
035785
035802
035804
035841
035884
035931
035950
035990
035994
036004
036239
036283
036291
036331
036394
036402
036472
036478
036504
036515
036541
036574
036598
036601
036623
036675
036685
036731
036773
036824
036875
036943
036980
037001
037006
037134
037201
037238
037395
037405
037410
037455
037457
037491
037516
037575
037593
037636
037638
037681
037694
037703
037771
037850
037928
038040
038075
038128
038170
038328
038362
038440
038549
038559
038562
038628
038654
038710
038726
038744
038813
038864
038895
038912
038925
038960
038970
038983
038991
039025
039048
039087
039106
039109
039129
039383
039390
039426
039459
039464
039597
039606
039614
039620
039645
039647
039782
039835
039902
039908
039971
039986
039995
040030
040057
040072
040094
040114
040167
040268
040274
040283
040311
040312
040349
040353
040360
040376
040379
040413
040440
040470
040473
040480
040534
040564
040565
040583
040620
040646
040716
040731
040750
040762
040786
040795
040817
040830
040883
040948
040958
041005
041034
041112
041137
041195
041225
041257
041271
041275
041276
041375
041388
041445
041487
041504
041520
041539
041602
041636
041665
041693
041709
041712
041753
041779
041904
041983
042048
042051
042057
042085
042187
042207
042233
042265
042279
042285
042287
042323
042394
042398
042400
042439
042514
042546
042599
042635
042682
042703
042746
042753
042776
042798
042810
042821
042826
042834
042849
042873
042881
042923
042939
042949
042955
043096
043101
043112
043171
043181
043232
043244
043268
043392
043397
043445
043453
043463
043472
043562
043606
043625
043650
043670
043673
043720
043735
043737
043744
043816
043820
043857
043859
043887
043888
043900
043904
043919
043968
044039
044043
044096
044104
044186
044192
044325
044353
044391
044417
044449
044502
044511
044518
044523
044542
044544
044577
044580
044582
044587
044614
044615
044626
044691
044735
044779
044811
044854
044859
044860
044902
044920
044963
044992
045003
045019
045066
045088
045108
045152
045199
045224
045226
045287
045320
045435
045473
045494
045511
045516
045578
045580
045604
045614
045634
045666
045746
045766
045797
045811
045853
045862
046001
046055
046073
046130
046155
046170
046210
046243
046247
046252
046281
046289
046387
046396
046403
046436
046452
046467
046472
046495
046576
046733
046760
046809
046845
046888
046904
046964
046970
046971
046990
047005
047081
047201
047228
047264
047297
047336
047353
047359
047362
047363
047377
047465
047468
047537
047561
047577
047590
047602
047621
047687
047778
047826
047849
047874
047971
048016
048031
048061
048100
048156
048196
048246
048260
048263
048326
048377
048402
048412
048433
048460
048474
048478
048498
048499
048536
048580
048660
048748
048766
048770
048835
048836
048973
049016
049038
049051
049133
049149
049154
049163
049167
049198
049259
049278
049288
049294
049300
049332
049355
049395
049421
049425
049758
049778
049799
049810
049852
049912
049922
049927
049947
049965
049991
050000
050016
050017
050054
050136
050162
050215
050217
050222
050237
050238
050309
050390
050463
050497
050499
050501
050528
050647
050699
050780
050794
050795
050817
050845
050860
050910
050935
050970
051014
051047
051056
051081
051132
051191
051225
051263
051273
051295
051297
051358
051362
051407
051416
051478
051503
051629
051702
051729
051758
051768
051815
051880
051901
051936
052093
052149
052173
052217
052221
052254
052262
052320
052371
052373
052398
052410
052490
052497
052604
052637
052640
052641
052648
052696
052728
052737
052758
052825
052839
052847
052895
052932
052947
052956
053046
053077
053090
053099
053113
053154
053234
053239
053287
053327
053379
053393
053429
053461
053470
053480
053500
053553
053582
053611
053640
053668
053674
053705
053780
053789
053876
053950
053958
054053
054094
054100
054119
054139
054140
054141
054222
054236
054263
054267
054332
054383
054421
054429
054430
054447
054453
054458
054520
054530
054618
054643
054644
054648
054655
054679
054686
054705
054719
054748
054758
054775
054884
054896
054926
054946
055013
055068
055101
055137
055217
055223
055304
055336
055355
055356
055391
055409
055417
055419
055452
055472
055504
055524
055611
055612
055709
055760
055888
055945
055974
056032
056095
056156
056176
056183
056187
056224
056228
056287
056314
056317
056343
056349
056402
056491
056538
056558
056642
056667
056678
056686
056720
056735
056810
056814
056857
057054
057127
057152
057182
057196
057212
057213
057320
057488
057679
057692
057694
057699
057731
057811
057900
057950
057963
057995
057997
058010
058046
058142
058177
058233
058302
058304
058314
058341
058384
058416
058466
058497
058515
058523
058550
058572
058597
058638
058645
058662
058776
058799
058867
058933
058941
058974
059033
059129
059130
059171
059201
059247
059255
059269
059284
059301
059308
059318
059386
059449
059465
059521
059536
059663
059673
059688
059698
059709
059758
059844
059884
059948
060030
060063
060146
060147
060181
060191
060214
060233
060250
060251
060312
060362
060377
060383
060431
060477
060479
060499
060568
060576
060580
060587
060588
060614
060650
060751
060861
060891
060941
060964
060982
061012
061029
061054
061124
061154
061224
061302
061337
061352
061375
061395
061404
061433
061479
061480
061514
061607
061647
061674
061701
061738
061830
061900
062049
062074
062118
062121
062139
062141
062143
062191
062198
062278
062307
062351
062461
062482
062605
062619
062653
062739
062767
062778
062862
062880
062922
063028
063034
063052
063120
063136
063163
063171
063180
063288
063297
063429
063443
063458
063550
063571
063580
063584
063587
063604
063608
063625
063644
063759
063763
063780
063794
063848
063881
063889
063890
063918
063929
063946
064032
064071
064074
064113
064190
064204
064222
064241
064276
064309
064324
064366
064408
064468
064544
064577
064610
064631
064653
064662
064685
064688
064689
064838
064892
064902
064925
064976
064989
065040
065042
065059
065134
065136
065195
065210
065299
065333
065335
065336
065380
065400
