000020
000261
000281
000485
000574
000647
000751
000965
001167
001242
001634
001970
002129
002132
002156
002225
002559
002692
002796
002893
002896
002926
002997
003019
003035
003165
003168
003250
004417
004726
004849
004875
004886
005117
005213
005217
005499
005716
005968
006014
006103
006175
006254
006813
006814
007211
007281
007446
007492
007507
008042
008098
008190
008206
008718
008852
009549
009581
009979
010113
010136
010192
010259
010292
010406
010413
010508
010607
010743
010784
010790
010906
010967
011740
011885
012442
012863
013170
013597
013692
013964
013990
014060
014066
014310
014366
014590
014609
014687
014860
015102
015184
015280
015351
015372
015464
015542
015595
015661
015755
015852
015885
016012
016161
016204
016230
016388
016417
016488
016701
016810
016963
017070
017121
017615
017795
017832
017883
018013
018095
018141
018180
018410
019072
019178
019577
019677
019916
019918
020099
020111
020131
020240
020297
020332
020948
021018
021045
021094
021102
021280
021366
021676
021890
022054
022103
022120
022140
022282
022451
022523
022700
022858
022965
023027
023433
023612
023666
024488
024836
024905
024925
024932
025055
025104
025408
025420
025426
025478
025643
025679
025764
025804
026384
026676
026801
027394
027410
027415
027452
028284
028342
028401
028548
028723
029230
029485
029561
029809
029938
029974
030094
030118
030261
030503
030805
030899
031019
031203
031490
031606
031943
032009
032285
032377
032392
032463
033720
033761
033859
034295
034607
034621
034693
034779
034982
035005
035063
035136
035207
035439
035453
035481
035537
035762
036239
036394
036478
036593
036695
037703
037850
037928
038128
038301
038343
038440
038592
038839
039087
039106
039426
039620
040007
040413
040418
040446
040473
040564
040647
040813
040983
041005
041137
041375
041712
041959
042036
042057
042546
042621
043008
043112
043244
043562
043606
043650
043735
043737
043900
043919
044062
044104
044329
044449
044511
044523
044577
044587
044626
044854
044902
045066
045199
045226
045302
045320
045797
045862
046001
046044
046093
046247
046254
046675
046760
047005
047201
047359
047377
047541
047677
048016
048038
048358
048377
048463
049263
049724
049810
049915
049927
049965
050120
050304
050309
050501
050515
050794
051362
051525
051702
051815
051880
052093
052149
052398
052497
052594
052640
052839
052847
052905
053090
053480
053500
054236
054263
054644
054946
055304
055415
055419
055544
055762
055854
055921
055992
056715
056720
056810
056857
057223
057320
057731
057841
057907
057995
057997
058116
058391
058520
058550
058597
058662
059533
059536
059579
059709
059775
059948
060250
060312
060318
060383
060861
061063
061480
061604
061916
062065
062118
062141
062143
062596
062800
063034
063171
063580
063650
063823
064154
064276
064442
064468
064577
064689
064955
065210
065230
065380
065400
