000020
000236
000261
000281
000352
000485
000574
000624
000647
000743
000751
001242
001275
001336
001970
002132
002338
002559
002692
002796
002893
002896
002997
003019
003027
003035
003165
003168
003645
003847
004177
004367
004849
004875
005117
005176
005213
005217
005263
005271
005536
006014
006103
006175
006254
006332
006411
006814
007211
007281
007446
007492
007507
007754
007827
007972
008092
008098
008174
008320
008718
009479
009581
009979
010113
010136
010192
010209
010259
010292
010406
010508
010735
010743
010784
010790
010864
010967
011323
011696
011791
011885
012476
013597
013692
013789
013964
014060
014066
014244
014310
014366
014574
014590
014609
014637
014647
014860
014863
015102
015184
015229
015351
015372
015405
015454
015542
015595
015661
015707
015755
015812
015852
015883
015885
015980
016012
016204
016230
016417
016488
016638
016701
016852
016963
017114
017121
017165
017189
017346
017557
017562
017615
017795
017841
017883
017964
018013
018076
018095
018164
018180
018309
018410
019436
019577
019677
019916
019918
020044
020099
020111
020131
020240
020297
020332
020644
020812
020948
020964
021018
021045
021102
021153
021280
021366
021676
021835
022054
022103
022116
022140
022282
022451
022523
022529
022551
022700
022858
022965
023027
023355
023478
023612
023666
024488
024820
024836
024905
024925
025055
025104
025324
025408
025420
025478
025679
025764
026222
026676
026701
026745
026786
026801
027340
027394
027415
027452
027874
028401
028548
028593
028780
028857
029067
029230
029244
029450
029473
029485
029512
029548
029561
029809
029918
029938
029974
030094
030116
030170
030310
030503
030561
030805
030841
030899
031019
031203
031490
031943
032009
032322
032377
032392
032515
033007
033199
033506
033720
033859
033921
034221
034551
034607
034621
034693
034779
034982
035005
035063
035136
035207
035348
035388
035439
035453
035481
035537
035762
035773
036266
036394
036478
036504
036593
036679
036773
037134
037703
037850
038128
038839
038960
039087
039106
039426
039620
040311
040473
040564
040750
040813
040983
041005
041112
041375
041445
041665
041712
042036
042057
042546
042595
042645
042776
043112
043244
043562
043606
043735
043737
043900
043919
044062
044329
044434
044449
044511
044523
044577
044587
044626
044854
044880
044890
044902
045066
045070
045199
045226
045291
045302
045491
045797
045862
046001
046044
046093
046247
046254
046472
046722
046760
046792
047005
047201
047377
047541
047677
048016
048072
048260
048358
048377
048433
048515
049556
049724
049810
049915
049927
049965
050304
050501
050794
051171
051525
051702
051815
051880
052093
052149
052398
052497
052640
052728
052758
052839
052847
053090
053379
053428
053480
053500
053958
054201
054236
054263
054581
054639
054644
054758
054797
054926
054946
055223
055304
055392
055419
055544
055635
055640
055921
056715
056720
056735
056810
056857
057223
057320
057731
057811
057995
057997
058391
058550
058597
058662
058799
058894
058982
059269
059284
059521
059533
059536
059579
059766
059775
059948
060250
060312
060383
060861
061063
061072
061118
061480
061604
061664
061701
061916
062065
062118
062141
062143
062512
062566
062596
062800
062903
063034
063125
063171
063467
063580
064154
064276
064442
064468
064544
064689
064842
065040
065210
065380
065400
065513
