000020
000236
000261
000281
000289
000352
000542
000574
000647
000750
000751
000965
001087
001242
001275
001736
001970
002132
002156
002559
002603
002628
002692
002723
002796
002896
002926
002997
003019
003035
003165
003168
003330
003645
003672
003847
004177
004367
004417
004726
004849
004875
004886
004937
005176
005213
005217
005440
005499
005527
005536
005888
006014
006015
006071
006103
006175
006254
006325
006332
006398
006411
006813
006814
006850
006883
006970
007109
007211
007374
007446
007492
007531
007754
007827
007857
008098
008174
008206
008320
008718
008861
009163
009332
009479
009581
009588
009761
009979
010113
010154
010192
010209
010259
010292
010406
010508
010607
010743
010784
010790
010864
011024
011095
011323
011450
011664
011885
012030
012158
012343
012476
012765
012969
013044
013096
013170
013225
013597
013613
013649
013692
013964
014006
014060
014066
014244
014310
014366
014574
014590
014609
014637
014647
014687
014785
014860
015102
015184
015229
015375
015464
015542
015595
015661
015707
015755
015852
015883
015885
015928
016012
016161
016204
016230
016388
016417
016701
016735
016787
016963
017114
017121
017165
017227
017237
017346
017562
017615
017709
017721
017795
017841
017936
017969
018013
018076
018164
018180
018410
018510
019072
019178
019445
019567
019577
019677
019854
019916
019918
020044
020099
020111
020131
020190
020240
020297
020332
020505
020812
020948
021018
021094
021102
021153
021280
021366
021510
021586
021620
021676
021732
021890
022054
022103
022120
022140
022153
022282
022288
022451
022523
022551
022700
022796
022858
022865
022965
023027
023076
023142
023478
023612
023666
024129
024237
024309
024488
024820
024836
024905
024925
024932
025055
025096
025104
025324
025408
025478
025679
025804
026222
026262
026432
026676
026697
026745
026764
026786
026801
026966
027115
027337
027338
027340
027394
027415
027422
027758
027761
028064
028095
028342
028401
028497
028548
028593
028622
028723
028793
028850
028857
029067
029218
029230
029244
029450
029473
029485
029512
029561
029626
029805
029809
029825
029918
029938
029957
029974
030170
030310
030503
030700
030726
030805
031019
031190
031203
031624
031943
032004
032009
032028
032064
032128
032162
032271
032285
032377
032392
032515
032924
033164
033328
033506
033698
033720
033761
033847
033859
034267
034295
034320
034348
034551
034607
034621
034693
034779
035005
035063
035136
035207
035439
035453
035481
035537
035762
036239
036394
036451
036478
036504
036593
036773
036875
037134
037238
037703
037850
037928
038075
038128
038170
038343
038440
038559
038777
038813
038874
038960
039087
039106
039109
039421
039426
039433
039459
039606
039620
039752
039908
039926
040167
040274
040311
040413
040470
040473
040564
040716
040750
040813
040983
041005
041112
041137
041375
041388
041445
041665
041712
042048
042057
042064
042279
042285
042287
042321
042398
042400
042546
042595
042776
042949
042955
043054
043112
043232
043244
043472
043562
043606
043735
043737
043816
043900
043919
044104
044449
044511
044518
044523
044542
044577
044587
044626
044691
044854
044902
045019
045066
045108
045152
045199
045226
045320
045491
045553
045604
045746
045797
045862
046001
046073
046247
046252
046254
046289
046472
046760
046904
046971
047005
047201
047350
047359
047377
047541
047577
047622
047667
047981
048016
048260
048377
048433
048811
049163
049259
049724
049810
049915
049927
049965
050304
050309
050499
050501
050699
050794
050814
050910
051362
051478
051525
051702
051768
051815
051880
052093
052149
052173
052254
052398
052410
052497
052640
052648
052696
052728
052758
052839
052847
053090
053379
053393
053480
053500
053553
053780
053958
054201
054236
054263
054332
054447
054530
054644
054648
054686
054719
054758
054795
054926
054946
055013
055137
055223
055304
055332
055391
055415
055419
055504
055544
055854
056183
056224
056314
056715
056720
056735
056776
056810
056857
056889
057196
057320
057731
057811
057995
057997
058010
058391
058513
058520
058550
058597
058662
058776
058799
058941
059269
059284
059449
059465
059536
059579
059709
059775
059948
060250
060312
060383
060479
060861
060964
061118
061448
061480
061604
061701
061916
062049
062065
062118
062141
062143
062482
062596
062800
062880
063028
063034
063130
063171
063180
063580
063794
064204
064276
064468
064498
064544
064577
064689
065040
065059
065210
065380
065400
065406
