000020
000236
000257
000261
000281
000289
000352
000574
000647
000751
000965
001087
001242
001275
001736
001970
002132
002156
002163
002559
002603
002628
002692
002796
002896
002926
002997
003019
003035
003165
003168
003645
003672
003847
003971
004177
004248
004367
004417
004726
004849
004875
004886
005176
005213
005217
005221
005440
005499
005536
005888
006014
006015
006103
006175
006254
006332
006411
006813
006814
006850
006970
007109
007211
007446
007492
007531
007613
007754
007827
007899
008098
008174
008206
008320
008718
009163
009332
009479
009581
009588
009979
010113
010192
010209
010259
010292
010406
010508
010607
010743
010784
010790
010864
010948
011095
011323
011396
011664
011885
011933
012158
012238
012476
012746
013170
013597
013614
013692
013868
013964
014006
014060
014066
014244
014310
014366
014574
014590
014609
014637
014647
014687
014860
015102
015184
015229
015375
015464
015542
015595
015661
015707
015755
015852
015883
015885
016012
016161
016204
016230
016388
016417
016583
016701
016735
016787
016963
017114
017121
017165
017189
017227
017237
017346
017413
017562
017615
017721
017795
017841
017969
018013
018076
018164
018180
018410
019072
019178
019577
019677
019916
019918
020044
020099
020111
020131
020240
020297
020332
020384
020718
020757
020812
020948
021018
021094
021102
021153
021280
021366
021401
021510
021586
021676
021732
021890
021922
022054
022103
022120
022140
022282
022288
022451
022523
022551
022700
022796
022858
022965
023027
023076
023478
023612
023666
023909
024129
024309
024488
024820
024836
024905
024925
024932
025055
025096
025104
025324
025408
025478
025679
025804
026222
026262
026567
026676
026745
026764
026786
026801
026966
027337
027338
027340
027394
027415
028064
028095
028242
028310
028342
028401
028497
028548
028593
028622
028723
028793
028850
028857
028905
029067
029137
029218
029230
029244
029450
029473
029485
029512
029561
029805
029809
029825
029918
029938
029974
030094
030170
030310
030503
030536
030666
030700
030726
030805
031019
031190
031203
031943
032004
032009
032128
032271
032377
032392
032515
032846
032924
033164
033328
033506
033698
033720
033761
033847
033859
034267
034295
034348
034551
034607
034621
034693
034779
035005
035063
035136
035207
035439
035453
035481
035537
035762
036239
036394
036478
036504
036593
036773
036875
037134
037238
037410
037516
037575
037703
037850
037928
038075
038128
038328
038343
038440
038559
038777
038912
038960
039087
039106
039426
039433
039459
039620
039908
040167
040311
040413
040470
040473
040564
040620
040750
040813
040983
041005
041112
041137
041195
041375
041445
041665
041712
042057
042323
042398
042400
042546
042595
042776
042949
043054
043112
043244
043397
043562
043606
043735
043737
043900
043919
044104
044353
044449
044511
044523
044577
044587
044626
044691
044854
044902
045019
045066
045108
045199
045226
045320
045491
045797
045862
046001
046247
046252
046254
046472
046760
046904
047005
047201
047359
047377
047541
047577
047667
048016
048260
048377
048433
048580
049063
049724
049810
049915
049927
049965
050304
050309
050501
050699
050794
050910
051273
051362
051478
051525
051702
051815
051880
052093
052149
052398
052497
052640
052728
052758
052839
052847
053090
053099
053379
053393
053480
053500
053674
053958
054141
054201
054236
054263
054530
054644
054648
054758
054926
054946
055137
055223
055304
055332
055391
055415
055419
055472
055544
055635
055854
056642
056715
056720
056735
056810
056857
056889
057196
057320
057731
057811
057995
057997
058391
058513
058550
058597
058662
058776
058799
058941
059201
059269
059284
059536
059579
059709
059775
059948
060250
060312
060383
060861
061118
061448
061480
061604
061701
061738
061916
062049
062065
062118
062141
062143
062482
062596
062653
062800
062880
063034
063171
063580
063794
064204
064276
064366
064468
064498
064544
064577
064689
065040
065059
065210
065380
065400
065406
