000155
000225
000261
000281
000289
000574
000647
000751
000877
000893
000965
001027
001087
001214
001242
001386
001736
001970
002156
002559
002603
002796
002896
003019
003035
003049
003133
003165
003168
003672
003847
004029
004417
004694
004726
004886
005213
005217
005440
005499
005799
005888
006014
006015
006103
006175
006254
006592
006814
006883
006970
007374
007446
007531
007613
008206
008537
008718
008938
009332
009904
009979
010113
010192
010259
010292
010406
010784
010790
010805
011071
011095
011450
011537
011625
011735
011879
011885
012123
012158
012381
012558
013096
013170
013597
013692
014006
014058
014060
014066
014278
014310
014366
014574
014590
014609
014860
014995
015102
015184
015375
015397
015464
015542
015579
015595
015661
015755
015852
015883
015885
016012
016161
016204
016230
016286
016388
016417
016503
016507
016583
016701
016735
016787
016963
017121
017237
017248
017413
017615
017673
017709
017795
017824
017903
017968
017969
018013
018180
018410
018575
019072
019178
019577
019618
019677
019848
019916
019918
020092
020099
020111
020131
020297
020332
020948
020979
021018
021094
021102
021401
021586
021676
021754
022054
022103
022140
022282
022288
022401
022451
022523
022700
022702
022796
022858
022965
023027
023076
023576
023666
024129
024301
024309
024339
024365
024488
024497
024512
024721
024836
024842
024899
024901
024905
024925
024932
025044
025055
025104
025408
025478
025626
025679
025804
025955
026262
026432
026438
026676
026697
027337
027338
027394
027999
028095
028309
028342
028401
028402
028497
028548
028622
028793
028850
028905
029218
029230
029266
029450
029561
029809
029825
029862
029938
029974
030094
030220
030503
030536
030572
030666
030700
030742
030805
030854
031019
031190
031338
031400
031597
031624
031696
031703
032009
032064
032143
032377
032392
032602
033164
033253
033328
033671
033698
033720
033734
033761
033847
034150
034295
034348
034607
034621
034779
034925
034939
035005
035063
035126
035136
035207
035439
035444
035453
035481
035537
035593
035603
035762
035802
035884
036239
036394
036478
036504
036875
037001
037006
037238
037410
037681
037703
037850
037928
038075
038128
038170
038440
038559
038912
039087
039106
039390
039426
039459
039606
039620
039908
039971
040167
040268
040283
040413
040470
040473
040564
040583
040646
040716
040958
041005
041112
041137
041275
041375
041445
041712
041779
042057
042323
042398
042546
042939
042949
043112
043232
043244
043562
043606
043650
043735
043737
043859
043900
043919
044417
044449
044511
044544
044577
044582
044587
044615
044626
044691
044902
045019
045108
045152
045199
045226
045320
045435
045473
045746
045797
045862
046001
046247
046252
046760
046904
047005
047201
047377
047468
047577
047778
048016
048377
048499
049355
049810
049927
049965
049991
050017
050309
050501
050699
050794
050814
050910
050970
051132
051273
051362
051478
051503
051702
051815
051880
052093
052149
052217
052262
052398
052497
052640
052839
052847
052895
052956
053090
053239
053393
053480
053500
053950
054013
054141
054236
054263
054530
054644
054648
054758
054896
054946
055013
055137
055217
055304
055355
055391
055419
055612
055945
056720
056810
056857
057320
057731
057811
057995
057997
058520
058550
058597
058662
058776
058941
059130
059201
059308
059536
059709
059948
060063
060147
060250
060312
060383
060751
060861
061480
061701
062049
062118
062141
062143
062482
062880
063034
063171
063571
063580
063794
064204
064276
064366
064468
064577
064689
064738
064989
065059
065210
065380
065400
