000020
000155
000225
000261
000281
000289
000485
000574
000647
000751
000763
000965
001027
001167
001242
001386
001726
001970
002022
002156
002559
002692
002796
002896
002926
002997
003019
003035
003133
003165
003168
003250
003672
003835
004029
004417
004726
004849
004875
004886
005117
005213
005217
005499
005716
005799
006014
006103
006175
006254
006592
006813
006814
007281
007446
007492
007499
007507
007613
008098
008206
008537
008718
008938
009414
009904
009979
010113
010136
010192
010259
010292
010406
010508
010607
010743
010784
010790
010805
010906
010967
011071
011450
011625
011735
011879
011885
012123
012381
012863
012938
013170
013540
013597
013619
013692
013943
013964
014060
014066
014278
014310
014366
014590
014609
014687
014860
015102
015184
015351
015372
015375
015464
015542
015579
015595
015661
015755
015852
015883
015885
016012
016161
016204
016230
016286
016388
016417
016488
016503
016507
016701
016963
017070
017121
017227
017237
017248
017413
017615
017673
017795
017824
017883
017903
018013
018095
018180
018410
018440
018575
019072
019178
019577
019677
019916
019918
020092
020099
020111
020131
020136
020240
020297
020332
020948
021018
021045
021094
021102
021280
021366
021401
021586
021676
021732
021754
021890
022054
022103
022120
022140
022282
022451
022523
022700
022858
022965
023027
023253
023576
023612
023666
024301
024339
024365
024488
024721
024836
024842
024899
024901
024905
024925
024932
025044
025055
025104
025408
025420
025478
025626
025679
025764
025804
025955
026676
026764
027394
027415
027452
027999
028085
028342
028401
028402
028548
028723
028850
029230
029450
029485
029561
029809
029862
029938
029974
030094
030118
030261
030503
030572
030666
030805
030854
030899
031019
031203
031385
031400
031490
031606
031696
031703
031943
032009
032143
032343
032377
032392
032463
032602
033253
033671
033720
033734
033761
033859
034037
034295
034607
034621
034693
034779
034925
034939
034982
035005
035063
035126
035136
035207
035439
035453
035481
035537
035603
035762
035802
036239
036284
036394
036478
036593
036695
036824
037006
037674
037703
037850
037928
038055
038128
038343
038440
038839
039087
039106
039426
039620
040268
040283
040413
040473
040564
040583
040646
040813
040958
040983
041005
041137
041250
041275
041375
041445
041712
041779
042036
042057
042366
042398
042546
042621
042939
043054
043112
043244
043562
043606
043650
043735
043737
043859
043900
043919
043990
044062
044329
044417
044449
044511
044577
044587
044626
044902
045019
045199
045226
045302
045320
045417
045473
045797
045862
046001
046044
046093
046247
046254
046760
047005
047201
047354
047359
047377
047468
047541
047677
047778
048016
048358
048377
048463
048499
048933
049355
049724
049756
049810
049915
049927
049965
049991
050017
050120
050304
050309
050501
050794
051132
051362
051503
051525
051702
051815
051880
052093
052149
052217
052262
052398
052497
052640
052839
052847
052905
053090
053480
053500
053887
053950
054236
054263
054644
054758
054896
054946
055217
055304
055355
055391
055415
055419
055544
055612
055945
055992
056715
056720
056810
056857
057223
057320
057731
057841
057995
057997
058116
058391
058520
058550
058597
058662
059130
059308
059533
059536
059579
059709
059775
059948
060063
060250
060312
060318
060383
060483
060698
060751
060861
061063
061480
061604
061701
061916
062049
062065
062118
062141
062143
062596
062800
062835
063034
063171
063580
064154
064276
064442
064468
064577
064689
064738
064989
065002
065210
065380
065400
