000001
000054
000105
000131
000155
000222
000225
000261
000281
000289
000352
000384
000441
000481
000574
000608
000626
000647
000650
000655
000662
000688
000707
000750
000751
000782
000830
000858
000877
000878
000917
000919
000965
001019
001027
001052
001053
001087
001184
001214
001242
001252
001275
001324
001328
001333
001361
001362
001367
001378
001386
001399
001422
001640
001645
001658
001704
001706
001736
001816
001853
001866
001918
001924
001954
001970
002076
002084
002132
002156
002163
002284
002298
002323
002329
002355
002357
002376
002379
002390
002407
002419
002481
002551
002559
002603
002608
002655
002708
002723
002796
002807
002809
002833
002896
002947
002988
003019
003035
003042
003049
003059
003066
003068
003089
003091
003096
003117
003126
003133
003165
003168
003225
003274
003330
003387
003428
003525
003556
003573
003623
003645
003669
003672
003689
003803
003847
003864
003887
003896
003902
003920
003932
003939
003971
004029
004054
004062
004078
004168
004177
004221
004248
004258
004301
004344
004367
004392
004406
004417
004438
004458
004564
004634
004674
004689
004694
004726
004737
004747
004763
004793
004835
004839
004870
004886
004888
004916
004922
004924
004990
005058
005085
005123
005126
005129
005176
005195
005205
005213
005217
005221
005222
005270
005287
005308
005417
005440
005490
005499
005527
005548
005567
005639
005677
005678
005721
005760
005765
005799
005806
005821
005848
005888
005940
005947
005954
005984
006014
006015
006021
006058
006070
006071
006084
006086
006090
006103
006150
006175
006254
006272
006325
006332
006341
006380
006397
006411
006421
006434
006435
006530
006592
006609
006644
006648
006686
006792
006814
006850
006879
006883
006923
006970
006988
007019
007102
007139
007144
007160
007233
007276
007279
007374
007380
007446
007471
007531
007613
007671
007721
007754
007762
007776
007792
007827
007836
007857
007863
007899
008001
008111
008127
008155
008174
008177
008206
008239
008279
008320
008370
008375
008385
008389
008434
008455
008456
008492
008515
008526
008537
008543
008557
008562
008593
008684
008718
008758
008812
008825
008861
008884
008938
009057
009071
009094
009226
009268
009278
009294
009295
009332
009376
009387
009432
009479
009573
009589
009681
009684
009690
009745
009821
009921
009964
009975
009979
009981
009989
009994
010109
010113
010154
010192
010209
010213
010216
010242
010254
010259
010292
010351
010370
010406
010424
010471
010498
010550
010573
010589
010592
010606
010607
010637
010670
010784
010790
010805
010855
010864
010890
010919
010938
010946
010948
010974
011024
011071
011082
011095
011167
011194
011241
011257
011270
011274
011287
011312
011323
011328
011338
011350
011365
011369
011376
011393
011396
011398
011399
011450
011564
011577
011643
011647
011664
011685
011698
011735
011736
011745
011784
011861
011879
011885
011912
011933
011990
011996
012029
012032
012045
012063
012120
012123
012149
012150
012158
012180
012238
012250
012259
012266
012269
012277
012343
012357
012372
012381
012457
012476
012518
012520
012527
012629
012665
012765
012802
012821
012846
012885
012898
012924
012934
012969
013008
013027
013070
013096
013119
013164
013170
013180
013204
013232
013237
013284
013370
013467
013520
013529
013586
013597
013612
013613
013643
013649
013692
013693
013741
013770
013778
013780
013790
013793
013868
013944
014006
014058
014060
014066
014094
014162
014233
014244
014278
014292
014310
014312
014313
014366
014412
014415
014473
014483
014571
014574
014590
014609
014637
014678
014726
014740
014742
014785
014797
014860
014886
014895
014912
014995
015042
015051
015055
015071
015102
015127
015170
015184
015188
015196
015227
015229
015353
015356
015375
015420
015436
015464
015465
015471
015491
015508
015542
015551
015579
015595
015661
015704
015707
015711
015714
015755
015785
015788
015824
015852
015872
015883
015885
015888
015906
015907
015922
015923
015928
015984
016012
016057
016088
016161
016204
016230
016286
016307
016362
016369
016375
016378
016384
016388
016417
016452
016503
016507
016510
016516
016554
016576
016583
016586
016594
016599
016614
016648
016669
016693
016701
016712
016735
016787
016826
016828
016863
016878
016894
016920
016963
016978
017038
017063
017114
017121
017143
017163
017165
017170
017180
017189
017237
017243
017248
017265
017271
017346
017348
017369
017413
017419
017449
017489
017531
017532
017562
017582
017615
017617
017709
017716
017721
017734
017745
017791
017795
017824
017841
017872
017903
017913
017935
017936
017948
017969
017984
018013
018014
018054
018076
018164
018174
018180
018220
018249
018279
018338
018344
018365
018410
018458
018471
018510
018575
018617
018716
018747
018799
018825
018841
018845
018866
018878
019013
019024
019072
019088
019093
019152
019178
019222
019233
019244
019337
019375
019379
019432
019445
019481
019504
019529
019567
019577
019618
019665
019677
019686
019732
019742
019777
019785
019797
019800
019804
019815
019841
019916
019918
019920
019921
019935
019946
019990
020011
020044
020058
020073
020092
020099
020109
020111
020131
020134
020152
020172
020190
020195
020292
020296
020297
020332
020365
020383
020384
020395
020402
020455
020572
020595
020602
020631
020688
020718
020757
020782
020783
020812
020819
020882
020919
020947
020948
020979
020980
021018
021043
021062
021066
021094
021102
021109
021153
021211
021288
021386
021389
021401
021404
021406
021532
021586
021607
021620
021651
021660
021676
021755
021779
021877
021886
021890
021901
021919
021958
022054
022103
022140
022153
022166
022224
022262
022282
022288
022297
022378
022379
022398
022401
022418
022447
022451
022472
022503
022523
022550
022551
022560
022581
022593
022679
022700
022725
022750
022762
022786
022787
022796
022835
022848
022858
022865
022935
022955
022965
022967
022968
023027
023048
023065
023076
023142
023157
023178
023193
023256
023313
023322
023334
023348
023354
023430
023478
023522
023538
023539
023576
023652
023666
023726
023766
023804
023909
023952
024055
024057
024083
024088
024109
024110
024120
024129
024144
024145
024149
024158
024189
024237
024242
024301
024309
024311
024339
024365
024409
024488
024512
024600
024643
024721
024732
024791
024820
024824
024836
024839
024842
024872
024876
024878
024881
024899
024901
024905
024925
024932
025002
025009
025044
025055
025094
025096
025104
025207
025215
025230
025243
025270
025324
025344
025365
025391
025408
025478
025590
025606
025626
025637
025655
025658
025659
025670
025679
025758
025762
025763
025804
025808
025812
025825
025832
025838
025865
025867
025924
025955
025959
025981
026024
026041
026124
026133
026174
026222
026262
026264
026271
026286
026417
026452
026460
026472
026489
026549
026562
026567
026617
026676
026706
026707
026745
026757
026786
026791
026801
026826
026895
026906
026943
027007
027019
027115
027140
027203
027263
027310
027319
027337
027338
027340
027344
027375
027394
027397
027430
027435
027444
027526
027545
027547
027568
027606
027680
027682
027727
027758
027778
027812
027920
027921
027962
027965
027999
028016
028058
028095
028105
028117
028138
028147
028225
028238
028242
028247
028286
028309
028310
028320
028342
028401
028402
028425
028470
028497
028498
028507
028541
028547
028548
028567
028593
028604
028613
028617
028622
028631
028644
028672
028674
028773
028793
028836
028838
028849
028850
028857
028877
028905
028916
028938
028973
028998
029040
029045
029051
029067
029095
029106
029183
029203
029218
029230
029244
029266
029391
029439
029450
029473
029512
029514
029530
029544
029561
029562
029634
029676
029677
029732
029734
029752
029753
029800
029805
029809
029825
029842
029862
029886
029918
029938
029957
029965
029970
029974
030033
030038
030061
030063
030170
030172
030220
030310
030324
030335
030364
030483
030498
030503
030518
030536
030548
030622
030641
030642
030653
030666
030693
030700
030703
030720
030726
030733
030738
030742
030805
030853
030854
030875
030921
031019
031052
031055
031190
031245
031258
031285
031336
031338
031399
031400
031430
031443
031459
031577
031596
031630
031667
031689
031698
031715
031754
031888
031918
031969
031983
032009
032019
032022
032028
032062
032064
032074
032078
032114
032128
032137
032143
032153
032162
032173
032209
032221
032232
032233
032263
032268
032271
032368
032377
032392
032405
032408
032415
032423
032437
032475
032486
032497
032515
032535
032562
032579
032602
032612
032631
032642
032696
032699
032787
032797
032813
032924
032934
032942
032965
032974
032980
033022
033096
033150
033161
033162
033164
033170
033176
033224
033253
033265
033278
033309
033318
033328
033387
033395
033400
033427
033491
033493
033506
033571
033591
033661
033671
033672
033691
033698
033720
033748
033750
033761
033805
033807
033842
033845
033847
033850
033928
033976
034024
034050
034067
034070
034075
034089
034146
034150
034152
034217
034293
034295
034320
034348
034369
034370
034375
034382
034433
034527
034551
034586
034607
034621
034629
034643
034675
034769
034776
034779
034789
034888
034910
034925
034954
034956
034970
034982
035005
035063
035071
035086
035114
035126
035136
035148
035203
035207
035216
035285
035324
035346
035358
035367
035369
035397
035439
035440
035444
035453
035474
035481
035482
035499
035507
035537
035593
035603
035606
035640
035705
035753
035762
035785
035804
035841
035884
035931
035950
035961
035963
035990
036004
036029
036173
036186
036231
036239
036247
036283
036291
036331
036364
036394
036402
036472
036478
036504
036515
036528
036541
036547
036574
036598
036601
036623
036675
036685
036692
036731
036773
036806
036819
036824
036853
036875
036893
036934
036980
036998
037001
037006
037043
037090
037127
037134
037155
037201
037238
037395
037405
037410
037449
037455
037457
037491
037516
037575
037593
037636
037638
037642
037681
037694
037703
037771
037837
037850
037928
037970
037973
038001
038040
038075
038128
038170
038224
038271
038304
038328
038336
038362
038440
038549
038559
038561
038562
038609
038628
038648
038654
038710
038726
038744
038763
038864
038895
038912
038960
038970
038983
038991
039025
039048
039061
039087
039106
039109
039129
039383
039390
039394
039416
039426
039459
039464
039597
039606
039614
039620
039625
039645
039647
039689
039719
039768
039782
039835
039902
039908
039921
039971
039986
039995
040030
040057
040072
040094
040167
040169
040191
040268
040274
040283
040311
040312
040349
040353
040360
040376
040381
040413
040464
040470
040473
040480
040534
040564
040565
040583
040617
040620
040646
040716
040750
040755
040762
040786
040795
040817
040830
040883
040948
040958
041000
041005
041034
041040
041112
041133
041137
041195
041205
041225
041237
041257
041271
041276
041375
041380
041388
041413
041445
041478
041487
041504
041520
041539
041569
041602
041665
041693
041709
041712
041745
041753
041779
041820
041904
041942
041983
041998
042048
042057
042063
042071
042085
042108
042186
042187
042207
042265
042279
042285
042287
042290
042323
042345
042387
042394
042398
042400
042439
042497
042514
042546
042599
042635
042665
042672
042682
042693
042703
042746
042753
042776
042779
042798
042810
042834
042849
042873
042881
042923
042939
042949
042955
043004
043091
043096
043112
043138
043171
043181
043187
043232
043234
043241
043244
043268
043303
043379
043392
043397
043445
043453
043463
043472
043562
043606
043613
043625
043650
043670
043673
043720
043735
043737
043744
043797
043816
043820
043857
043859
043887
043888
043900
043904
043917
043919
043968
044055
044096
044104
044186
044192
044299
044325
044353
044449
044461
044502
044511
044518
044523
044542
044544
044567
044577
044580
044582
044587
044614
044615
044626
044691
044779
044797
044854
044859
044860
044902
044920
044963
044992
045003
045019
045066
045088
045108
045152
045199
045224
045226
045287
045320
045435
045441
045473
045492
045494
045511
045516
045580
045603
045604
045614
045617
045634
045666
045766
045797
045853
045862
045914
045959
046001
046055
046057
046072
046073
046130
046144
046155
046170
046184
046210
046243
046247
046252
046281
046396
046436
046452
046456
046472
046576
046647
046733
046760
046809
046888
046904
046905
046964
046970
046971
046990
047005
047021
047026
047051
047054
047064
047081
047179
047180
047201
047228
047264
047297
047317
047336
047353
047359
047362
047377
047438
047441
047465
047468
047506
047536
047537
047561
047577
047590
047602
047621
047678
047681
047694
047778
047846
047849
047874
047928
047971
048004
048013
048016
048031
048061
048100
048120
048156
048159
048178
048196
048246
048260
048263
048294
048319
048326
048377
048402
048412
048432
048433
048460
048474
048498
048499
048536
048555
048580
048660
048675
048713
048748
048766
048770
048783
048810
048835
048836
048939
048973
049009
049016
049038
049051
049133
049149
049154
049163
049167
049198
049259
049279
049288
049294
049300
049332
049352
049355
049395
049417
049421
049425
049465
049578
049687
049758
049794
049799
049810
049852
049891
049912
049924
049927
049947
049965
049990
049991
049997
050000
050014
050016
050017
050047
050054
050136
050162
050178
050185
050199
050215
050217
050222
050237
050238
050309
050360
050395
050457
050463
050499
050501
050523
050528
050585
050643
050647
050699
050780
050794
050795
050845
050860
050910
050935
050970
051014
051047
051056
051081
051132
051191
051211
051223
051225
051243
051250
051263
051273
051297
051358
051362
051407
051416
051438
051478
051503
051514
051537
051608
051622
051629
051702
051729
051758
051768
051780
051815
051829
051842
051880
051901
051936
052093
052149
052173
052211
052244
052254
052262
052320
052325
052371
052373
052398
052410
052490
052497
052571
052640
052641
052648
052696
052728
052730
052737
052758
052805
052825
052839
052847
052895
052899
052923
052932
052947
053072
053090
053099
053113
053154
053234
053239
053287
053319
053327
053379
053393
053429
053461
053470
053480
053500
053532
053553
053611
053618
053640
053668
053674
053705
053711
053780
053789
053876
053948
053950
053958
054048
054053
054088
054100
054119
054139
054141
054201
054222
054236
054263
054267
054332
054336
054365
054369
054383
054429
054430
054453
054458
054472
054520
054530
054576
054586
054618
054644
054648
054655
054679
054686
054705
054719
054744
054748
054758
054775
054849
054884
054896
054919
054926
054946
055013
055068
055101
055137
055217
055223
055304
055336
055347
055355
055356
055377
055391
055409
055417
055419
055435
055452
055470
055491
055524
055559
055611
055612
055635
055644
055709
055886
055888
055892
055921
055957
055974
056032
056095
056156
056176
056181
056183
056224
056287
056314
056317
056343
056349
056402
056485
056491
056538
056558
056560
056642
056667
056686
056720
056729
056735
056743
056769
056810
056814
056837
056857
056950
057000
057047
057054
057127
057152
057182
057196
057212
057213
057320
057488
057505
057621
057679
057694
057699
057731
057811
057885
057900
057950
057963
057995
057997
058010
058011
058015
058056
058142
058147
058233
058278
058302
058304
058306
058314
058341
058348
058360
058373
058384
058416
058443
058466
058497
058515
058520
058523
058550
058567
058572
058597
058645
058662
058761
058776
058799
058847
058859
058867
058886
058933
058941
058974
059129
059130
059171
059201
059207
059244
059247
059255
059269
059284
059301
059308
059318
059386
059392
059396
059409
059536
059546
059591
059663
059673
059688
059698
059709
059727
059758
059844
059884
059948
060030
060058
060063
060129
060146
060147
060181
060191
060214
060233
060250
060251
060312
060362
060376
060382
060383
060431
060477
060479
060494
060499
060568
060576
060580
060587
060588
060614
060650
060751
060781
060797
060861
060877
060891
060941
060945
060964
060981
061012
061029
061054
061060
061112
061118
061124
061150
061154
061224
061227
061302
061323
061352
061373
061375
061395
061479
061480
061496
061514
061551
061572
061607
061647
061674
061701
061738
061759
061830
061900
061917
062024
062049
062068
062074
062118
062121
062139
062141
062143
062188
062198
062278
062307
062351
062361
062461
062482
062605
062610
062619
062622
062653
062739
062767
062778
062802
062862
062880
062922
062968
063028
063034
063052
063120
063127
063136
063163
063171
063180
063288
063297
063309
063429
063443
063458
063517
063528
063571
063580
063584
063587
063604
063608
063625
063626
063630
063640
063644
063724
063759
063763
063780
063794
063796
063848
063881
063889
063890
063897
063946
064061
064071
064074
064113
064135
064189
064190
064204
064222
064241
064276
064330
064366
064391
064408
064468
064525
064544
064577
064581
064610
064616
064631
064653
064662
064685
064688
064689
064696
064764
064818
064838
064857
064892
064902
064913
064925
064928
064976
064989
065040
065042
065059
065102
065117
065134
065136
065195
065210
065299
065333
065336
065358
065380
065400
