000020
000236
000261
000281
000289
000352
000407
000574
000647
000750
000751
000877
000965
001087
001242
001275
001393
001399
001736
001970
002132
002156
002551
002559
002603
002628
002678
002692
002723
002796
002896
002926
002971
002997
003019
003035
003165
003168
003330
003453
003645
003672
003847
003971
004071
004177
004198
004248
004260
004367
004417
004694
004726
004786
004849
004875
004886
004922
005129
005176
005213
005217
005347
005440
005499
005527
005536
005888
006014
006015
006071
006103
006175
006254
006325
006332
006411
006421
006435
006813
006814
006850
006883
006970
007211
007374
007446
007492
007531
007613
007647
007754
007827
007857
008098
008174
008206
008320
008718
008861
009163
009332
009479
009581
009588
009979
010113
010154
010192
010209
010259
010292
010406
010508
010548
010607
010743
010784
010790
010864
010948
011024
011095
011323
011350
011450
011885
012158
012238
012476
012653
012765
012820
012969
013170
013597
013613
013692
013964
014006
014060
014066
014244
014252
014310
014366
014574
014590
014609
014637
014647
014687
014785
014860
015102
015110
015184
015229
015375
015464
015542
015595
015661
015707
015755
015852
015883
015885
016012
016161
016204
016230
016388
016417
016428
016583
016701
016735
016787
016963
017114
017121
017165
017189
017227
017237
017346
017413
017562
017615
017709
017721
017795
017841
017936
017969
018013
018076
018164
018180
018410
018510
019072
019178
019445
019567
019577
019618
019677
019820
019916
019918
020044
020099
020111
020131
020240
020296
020297
020332
020415
020423
020812
020948
021018
021094
021102
021153
021280
021366
021510
021586
021620
021676
021732
021890
022054
022103
022120
022140
022282
022288
022451
022523
022551
022700
022796
022858
022865
022965
023027
023076
023142
023286
023478
023612
023666
023695
024110
024129
024189
024237
024309
024488
024820
024836
024905
024925
024932
024985
025045
025055
025104
025324
025408
025478
025679
025758
025804
026222
026262
026585
026676
026697
026745
026764
026786
026801
026966
027115
027127
027337
027338
027340
027373
027394
027397
027415
027758
028043
028064
028095
028147
028342
028401
028497
028548
028593
028622
028723
028773
028793
028850
028857
028905
029067
029183
029218
029230
029244
029377
029450
029473
029485
029512
029561
029732
029805
029809
029825
029918
029938
029957
029974
030170
030220
030310
030416
030419
030464
030503
030536
030666
030700
030702
030703
030726
030805
031019
031190
031203
031698
031943
032009
032028
032064
032128
032162
032285
032377
032392
032515
032846
032974
033164
033328
033506
033698
033720
033761
033847
033859
034267
034295
034320
034348
034532
034551
034607
034621
034693
034779
035005
035039
035063
035136
035207
035234
035439
035453
035481
035537
035762
035804
036239
036394
036402
036478
036504
036593
036623
036773
036875
037038
037095
037134
037238
037410
037593
037703
037850
037928
038075
038128
038294
038343
038440
038559
038777
038912
038925
038960
039087
039106
039109
039426
039433
039459
039606
039620
039908
040114
040167
040274
040311
040413
040470
040473
040564
040716
040750
040813
040983
041005
041112
041137
041375
041388
041445
041603
041665
041712
041820
041977
042048
042057
042279
042323
042398
042400
042546
042595
042776
042949
043054
043112
043232
043244
043445
043472
043562
043606
043735
043737
043900
043919
043968
044104
044186
044259
044449
044511
044518
044523
044542
044577
044587
044626
044672
044691
044854
044902
044992
045019
045066
045108
045146
045152
045199
045226
045320
045491
045604
045651
045746
045797
045844
045862
046001
046025
046073
046134
046247
046252
046254
046403
046452
046472
046760
046904
046971
047005
047201
047359
047377
047537
047541
047542
047577
047667
048016
048156
048260
048377
048433
048555
048835
049163
049259
049294
049395
049724
049810
049878
049915
049927
049947
049965
050016
050237
050304
050309
050499
050501
050699
050780
050794
050849
050910
051273
051295
051362
051478
051525
051702
051768
051815
051880
052093
052149
052173
052180
052254
052398
052410
052497
052637
052640
052648
052696
052728
052758
052839
052847
053090
053319
053379
053393
053461
053480
053500
053553
053611
053958
054141
054201
054236
054263
054530
054537
054644
054648
054686
054719
054758
054926
054946
055137
055223
055304
055332
055377
055391
055415
055419
055472
055504
055544
055635
055854
056032
056224
056314
056317
056715
056720
056735
056810
056857
057196
057320
057466
057731
057811
057995
057997
058283
058391
058513
058515
058550
058597
058662
058776
058799
058941
059201
059269
059284
059536
059579
059709
059775
059844
059948
060147
060250
060312
060383
060479
060861
060964
060978
060982
061118
061375
061404
061448
061480
061604
061701
061916
062049
062065
062118
062141
062143
062225
062482
062596
062800
062880
063034
063171
063180
063580
063759
063794
064204
064276
064366
064468
064498
064544
064577
064689
064758
064863
065040
065059
065210
065380
065400
065406
065419
