000001
000054
000131
000155
000225
000261
000281
000289
000352
000384
000481
000574
000608
000647
000655
000659
000662
000707
000750
000751
000858
000877
000878
000892
000965
001019
001027
001053
001087
001184
001214
001242
001275
001324
001361
001362
001378
001386
001399
001640
001658
001704
001736
001816
001848
001853
001866
001918
001924
001954
001970
002068
002076
002132
002156
002163
002298
002323
002355
002379
002390
002419
002551
002559
002603
002608
002708
002723
002796
002807
002850
002896
002956
003019
003035
003042
003049
003068
003096
003117
003133
003135
003165
003168
003225
003274
003330
003387
003573
003623
003645
003672
003689
003803
003836
003847
003887
003902
003932
003939
003971
004029
004056
004062
004177
004198
004248
004301
004344
004367
004417
004438
004564
004634
004674
004689
004694
004726
004737
004747
004763
004793
004804
004839
004870
004886
004922
004924
005048
005123
005129
005176
005213
005214
005217
005221
005275
005300
005440
005499
005502
005525
005527
005548
005721
005760
005799
005806
005888
005902
005940
005954
005984
005987
006014
006015
006021
006058
006070
006071
006090
006103
006175
006196
006254
006325
006332
006341
006397
006411
006421
006435
006592
006644
006648
006792
006814
006850
006883
006923
006970
007144
007276
007374
007446
007531
007613
007625
007671
007721
007754
007776
007823
007827
007836
007857
007863
007899
008022
008174
008206
008279
008320
008370
008456
008492
008520
008537
008543
008557
008593
008623
008684
008718
008758
008831
008861
008884
008938
009057
009071
009202
009226
009268
009294
009295
009332
009387
009432
009479
009572
009589
009613
009655
009684
009821
009921
009979
009981
009989
009994
010109
010113
010120
010154
010192
010209
010213
010242
010254
010259
010292
010351
010370
010406
010424
010498
010607
010637
010784
010790
010805
010864
010890
010946
010948
010967
011024
011071
011095
011241
011274
011287
011323
011365
011369
011376
011393
011396
011398
011399
011450
011551
011643
011647
011664
011698
011735
011736
011755
011879
011885
011933
011996
012029
012045
012120
012123
012150
012158
012238
012252
012259
012266
012343
012357
012372
012381
012457
012476
012520
012629
012665
012765
012802
012846
012885
012898
012934
012969
012988
013008
013027
013070
013096
013119
013153
013164
013170
013180
013204
013284
013529
013586
013597
013612
013613
013649
013692
013778
013868
013944
014006
014058
014060
014061
014066
014094
014233
014244
014278
014292
014310
014366
014412
014415
014574
014590
014609
014637
014726
014785
014827
014860
014895
014912
014995
015051
015071
015102
015170
015184
015188
015227
015229
015375
015420
015436
015464
015471
015491
015542
015579
015595
015661
015704
015707
015755
015785
015788
015810
015852
015872
015883
015885
015906
015928
016012
016042
016057
016084
016088
016161
016204
016230
016264
016286
016307
016362
016369
016378
016384
016388
016417
016503
016507
016516
016554
016576
016583
016586
016594
016599
016693
016701
016727
016735
016787
016826
016878
016924
016963
017038
017063
017114
017121
017143
017165
017170
017179
017180
017189
017237
017248
017346
017348
017413
017419
017489
017532
017562
017615
017617
017706
017709
017716
017721
017734
017762
017791
017795
017841
017872
017903
017935
017936
017948
017969
017984
018013
018014
018033
018076
018164
018174
018180
018220
018279
018344
018410
018458
018471
018510
018575
018716
018799
018845
018878
019072
019088
019178
019244
019337
019375
019445
019567
019577
019618
019677
019686
019732
019777
019785
019804
019815
019841
019916
019918
019920
019935
019946
019990
020044
020092
020099
020109
020111
020131
020172
020190
020296
020297
020332
020365
020383
020384
020395
020399
020402
020454
020572
020688
020718
020757
020783
020812
020919
020947
020948
020979
020980
021018
021043
021094
021102
021153
021202
021361
021386
021401
021404
021532
021586
021620
021676
021755
021877
021890
021919
021958
022022
022054
022103
022140
022153
022262
022282
022288
022378
022379
022398
022401
022451
022472
022503
022523
022551
022560
022581
022593
022596
022607
022700
022725
022750
022762
022787
022796
022858
022865
022955
022965
022967
023027
023065
023076
023142
023193
023256
023348
023405
023478
023522
023539
023576
023652
023663
023666
023726
023858
023909
023952
024057
024083
024088
024109
024110
024129
024145
024149
024214
024237
024242
024301
024309
024339
024365
024409
024488
024512
024721
024791
024820
024836
024842
024872
024876
024881
024899
024901
024905
024925
024932
025002
025009
025044
025055
025094
025096
025104
025207
025324
025344
025365
025369
025408
025478
025511
025524
025626
025637
025655
025659
025679
025758
025763
025804
025808
025812
025825
025838
025924
025955
025981
026026
026041
026180
026222
026262
026264
026271
026286
026417
026452
026503
026549
026562
026567
026676
026707
026745
026757
026786
026801
026826
026860
026906
027007
027115
027225
027310
027319
027337
027338
027340
027394
027397
027435
027477
027545
027606
027680
027682
027758
027778
027812
027920
027921
027999
028016
028053
028085
028095
028115
028117
028147
028225
028238
028242
028286
028287
028309
028310
028342
028401
028402
028462
028470
028497
028507
028548
028567
028593
028613
028617
028622
028773
028793
028836
028838
028849
028850
028857
028905
028909
028929
028938
028973
029025
029040
029045
029067
029095
029106
029183
029203
029218
029230
029237
029244
029266
029391
029450
029473
029512
029514
029544
029561
029562
029677
029732
029752
029753
029800
029805
029809
029825
029862
029886
029918
029938
029957
029970
029974
030061
030063
030170
030213
030220
030310
030335
030378
030503
030518
030536
030546
030622
030642
030653
030666
030693
030700
030703
030726
030738
030742
030805
030854
030921
031019
031052
031055
031190
031245
031258
031336
031338
031400
031430
031443
031459
031577
031596
031698
031715
031754
031983
032009
032022
032028
032064
032072
032074
032078
032114
032128
032137
032143
032162
032209
032221
032232
032263
032268
032271
032377
032392
032405
032408
032437
032475
032497
032515
032535
032562
032579
032602
032924
032934
032974
032975
033096
033161
033162
033164
033176
033224
033253
033265
033272
033278
033318
033328
033384
033395
033506
033560
033591
033671
033672
033691
033698
033720
033733
033748
033761
033805
033807
033847
033850
033976
034024
034070
034075
034089
034141
034146
034150
034217
034290
034295
034320
034348
034370
034375
034382
034433
034551
034586
034607
034621
034629
034643
034675
034769
034779
034888
034925
034956
034970
035005
035039
035063
035071
035099
035126
035136
035203
035207
035216
035346
035367
035397
035439
035440
035444
035453
035474
035481
035507
035537
035593
035603
035640
035705
035753
035762
035804
035884
035931
035961
035963
036004
036063
036173
036186
036239
036364
036394
036402
036418
036478
036504
036541
036623
036731
036738
036773
036824
036853
036875
036934
036944
036998
037001
037006
037043
037127
037134
037155
037238
037395
037405
037410
037436
037449
037491
037516
037575
037593
037642
037681
037703
037771
037850
037928
037970
038001
038075
038128
038170
038224
038271
038304
038328
038440
038559
038561
038609
038710
038726
038864
038912
038960
038986
039061
039087
039106
039109
039129
039390
039394
039416
039426
039459
039606
039620
039625
039645
039647
039689
039745
039835
039902
039908
039921
039971
039995
040030
040167
040169
040191
040268
040274
040283
040311
040312
040376
040379
040381
040413
040470
040473
040480
040534
040564
040583
040620
040646
040716
040732
040750
040755
040762
040786
040795
040883
040949
040958
041000
041005
041034
041112
041137
041195
041205
041237
041375
041380
041388
041413
041445
041478
041504
041520
041539
041569
041602
041665
041693
041712
041753
041779
041820
041871
041942
041983
041998
042019
042048
042057
042063
042071
042186
042187
042250
042265
042279
042285
042287
042290
042323
042345
042387
042398
042400
042490
042546
042635
042665
042693
042753
042776
042779
042782
042873
042898
042939
042949
042955
043004
043091
043096
043112
043138
043232
043241
043244
043287
043303
043379
043392
043397
043445
043463
043472
043562
043606
043650
043670
043735
043737
043744
043816
043820
043859
043900
043904
043917
043919
043968
044055
044104
044186
044192
044299
044325
044353
044449
044511
044518
044523
044542
044544
044567
044577
044582
044587
044614
044615
044626
044684
044691
044779
044797
044854
044859
044902
044963
044992
045019
045066
045108
045152
045199
045226
045287
045320
045435
045441
045473
045494
045511
045543
045580
045603
045604
045617
045666
045797
045844
045862
045898
045914
045959
046001
046057
046072
046073
046184
046247
046252
046452
046456
046472
046647
046733
046760
046809
046904
046905
046971
046990
047005
047026
047054
047179
047180
047201
047228
047297
047317
047353
047359
047362
047377
047438
047468
047504
047537
047561
047577
047590
047602
047621
047694
047778
047781
047846
047849
047874
047928
047945
047971
048004
048013
048016
048031
048156
048159
048196
048246
048260
048263
048319
048326
048377
048402
048432
048433
048499
048536
048555
048580
048660
048675
048766
048773
048810
048835
048836
048939
049005
049009
049016
049051
049108
049133
049149
049163
049259
049294
049352
049355
049395
049417
049438
049578
049644
049687
049794
049799
049810
049822
049891
049912
049924
049927
049947
049965
049991
050014
050016
050017
050047
050162
050178
050199
050215
050229
050237
050309
050457
050463
050499
050501
050643
050699
050780
050794
050845
050910
050970
051124
051132
051191
051211
051223
051243
051250
051273
051362
051416
051438
051467
051478
051503
051514
051608
051622
051629
051702
051768
051815
051829
051842
051880
051901
052093
052149
052173
052180
052211
052254
052320
052398
052410
052490
052497
052640
052641
052648
052696
052728
052730
052758
052805
052825
052839
052847
052895
052899
052923
053077
053090
053099
053154
053234
053239
053319
053376
053379
053393
053461
053480
053500
053532
053553
053611
053618
053674
053678
053711
053780
053876
053948
053950
053958
054115
054119
054141
054201
054222
054236
054263
054332
054336
054365
054369
054429
054430
054472
054520
054530
054576
054586
054644
054648
054651
054679
054686
054719
054744
054758
054775
054849
054896
054919
054926
054946
055013
055137
055217
055223
055304
055309
055336
055347
055355
055377
055384
055391
055417
055419
055435
055470
055491
055559
055612
055635
055892
055974
056032
056154
056183
056224
056314
056317
056383
056485
056558
056560
056642
056686
056720
056729
056735
056743
056769
056810
056814
056857
056950
057000
057047
057087
057127
057196
057212
057280
057320
057488
057614
057621
057699
057731
057811
057885
057950
057995
057997
058010
058011
058015
058056
058103
058175
058278
058302
058314
058341
058348
058360
058384
058416
058515
058520
058523
058550
058567
058572
058597
058645
058662
058776
058799
058847
058859
058867
058941
058972
059130
059201
059207
059269
059284
059308
059392
059396
059536
059624
059673
059698
059709
059727
059823
059844
059884
059948
060030
060058
060063
060129
060147
060181
060191
060210
060214
060250
060312
060376
060382
060383
060431
060479
060494
060568
060576
060650
060664
060741
060751
060781
060797
060861
060877
060891
060945
060964
060981
060998
061012
061060
061112
061118
061154
061224
061227
061302
061352
061375
061395
061480
061514
061572
061607
061674
061701
061738
061759
061838
061917
062024
062049
062068
062074
062118
062121
062139
062141
062143
062188
062198
062228
062276
062351
062361
062461
062482
062610
062622
062633
062653
062767
062802
062862
062880
062968
063014
063028
063034
063120
063127
063136
063171
063180
063297
063305
063309
063379
063429
063517
063571
063580
063587
063626
063630
063644
063724
063738
063759
063780
063794
063796
063881
063890
063897
063940
063946
064006
064061
064071
064074
064204
064241
064276
064330
064366
064408
064468
064544
064577
064581
064605
064610
064616
064653
064662
064685
064688
064689
064764
064818
064857
064902
064913
064925
064928
064989
065040
065042
065059
065102
065117
065136
065210
065235
065333
065336
065358
065380
065400
