000020
000069
000213
000236
000261
000281
000289
000352
000407
000415
000574
000647
000750
000751
000842
000877
000892
000965
001036
001087
001242
001275
001393
001399
001524
001530
001736
001816
001954
001970
002132
002156
002163
002284
002295
002551
002559
002603
002628
002692
002723
002796
002850
002896
002926
002997
003019
003035
003042
003096
003165
003168
003330
003525
003645
003672
003847
003941
003971
004071
004177
004198
004248
004367
004417
004694
004726
004846
004849
004875
004886
004922
005129
005176
005213
005217
005440
005445
005499
005502
005503
005527
005536
005888
006014
006015
006071
006103
006175
006254
006325
006332
006398
006411
006421
006435
006813
006814
006850
006883
006970
006986
007058
007109
007188
007211
007374
007446
007492
007613
007704
007754
007827
007850
007857
008076
008098
008174
008206
008320
008398
008404
008718
008861
009163
009252
009294
009332
009479
009511
009581
009588
009649
009979
010113
010154
010192
010209
010259
010292
010406
010508
010607
010612
010637
010743
010784
010790
010864
010948
010954
011024
011095
011213
011323
011396
011450
011494
011664
011861
011885
012097
012158
012238
012476
012653
012721
012765
012969
013050
013096
013170
013413
013597
013613
013692
013964
014006
014060
014066
014192
014244
014310
014366
014574
014590
014609
014637
014647
014687
014785
014827
014860
015102
015184
015229
015283
015304
015325
015375
015464
015542
015595
015661
015707
015755
015852
015883
015885
016012
016161
016204
016230
016388
016417
016583
016701
016727
016735
016787
016963
017114
017121
017165
017189
017227
017237
017271
017346
017413
017562
017615
017709
017721
017795
017841
017913
017936
017969
018013
018076
018164
018180
018410
018510
019054
019072
019178
019206
019445
019567
019577
019618
019677
019816
019916
019918
020044
020099
020111
020131
020240
020297
020332
020384
020423
020427
020454
020718
020812
020948
021018
021094
021102
021153
021280
021366
021510
021586
021620
021676
021732
021890
022054
022103
022120
022140
022282
022288
022451
022503
022523
022551
022700
022749
022796
022858
022865
022965
023027
023048
023076
023142
023478
023538
023612
023666
024110
024129
024165
024237
024309
024488
024820
024836
024905
024925
024932
025055
025104
025324
025408
025478
025590
025606
025659
025679
025804
026222
026262
026432
026676
026697
026745
026764
026786
026801
026966
027115
027127
027337
027338
027340
027373
027394
027415
027547
027758
028064
028085
028095
028147
028238
028310
028342
028401
028497
028548
028593
028622
028723
028749
028793
028849
028850
028857
028905
028916
029067
029183
029218
029230
029244
029450
029473
029474
029485
029512
029561
029805
029809
029825
029918
029938
029957
029974
030170
030220
030310
030503
030536
030546
030666
030700
030703
030726
030805
031019
031190
031203
031689
031698
031943
032009
032028
032064
032100
032128
032162
032268
032271
032285
032377
032392
032437
032515
032827
032846
032924
033164
033176
033328
033506
033691
033698
033720
033761
033847
033859
034267
034295
034320
034348
034370
034551
034607
034621
034693
034779
035005
035039
035063
035067
035136
035207
035439
035453
035481
035537
035762
035777
035804
035884
035979
036173
036239
036283
036364
036394
036402
036478
036504
036574
036593
036678
036773
036875
036985
037134
037238
037410
037436
037516
037575
037593
037703
037850
037925
037928
038075
038128
038170
038328
038343
038440
038559
038562
038710
038777
038912
038960
039087
039106
039109
039426
039433
039459
039606
039620
039872
039908
040114
040167
040274
040311
040413
040470
040473
040564
040716
040750
040813
040948
040983
041005
041112
041137
041375
041388
041445
041665
041712
041820
042048
042057
042279
042323
042398
042400
042546
042595
042764
042776
042821
042826
042949
043054
043112
043232
043244
043472
043562
043606
043735
043737
043900
043919
044104
044186
044449
044511
044518
044523
044542
044577
044587
044626
044691
044713
044737
044854
044902
044992
045019
045066
045108
045152
045199
045226
045320
045491
045516
045555
045604
045634
045746
045797
045811
045844
045862
045898
046001
046025
046073
046236
046247
046252
046254
046403
046472
046699
046733
046760
046904
046971
047005
047201
047359
047377
047380
047504
047537
047541
047577
047667
048009
048016
048159
048260
048377
048433
048555
048835
049163
049259
049294
049332
049395
049680
049724
049778
049810
049912
049915
049927
049947
049965
050237
050304
050309
050438
050499
050501
050699
050794
050814
050910
051273
051295
051336
051362
051478
051525
051702
051716
051768
051815
051880
052093
052149
052173
052180
052254
052303
052320
052398
052410
052497
052640
052648
052696
052728
052737
052758
052839
052847
053090
053099
053269
053287
053319
053379
053393
053422
053461
053480
053500
053537
053553
053674
053958
054119
054141
054201
054211
054236
054263
054387
054421
054530
054644
054648
054655
054686
054719
054744
054758
054926
054946
055013
055137
055223
055304
055332
055377
055391
055415
055419
055472
055544
055635
055680
055686
055845
055854
056032
056224
056314
056317
056490
056715
056720
056735
056810
056857
056941
057039
057196
057320
057516
057692
057731
057811
057967
057995
057997
058026
058177
058391
058513
058550
058597
058662
058776
058799
058812
058941
058972
059130
059201
059269
059284
059521
059536
059579
059709
059775
059948
060147
060250
060312
060383
060410
060479
060861
060964
061118
061448
061480
061604
061701
061738
061916
062049
062065
062118
062141
062143
062482
062564
062596
062653
062793
062800
062880
063034
063171
063180
063230
063429
063535
063550
063580
063759
063780
063794
063940
064204
064276
064366
064468
064498
064544
064577
064689
065040
065059
065210
065235
065380
065400
065406
