000020
000030
000130
000155
000225
000261
000281
000352
000485
000519
000574
000647
000750
000751
000965
001027
001214
001242
001258
001386
001399
001470
001641
001970
002156
002304
002559
002692
002723
002796
002896
002926
003019
003035
003049
003133
003165
003168
003330
003517
003645
003646
003652
003672
003775
003847
004029
004062
004367
004417
004726
004849
004875
004886
005117
005176
005213
005217
005307
005499
005527
005536
005716
005752
005794
005799
005955
006014
006041
006071
006103
006175
006254
006325
006332
006411
006421
006435
006592
006813
006814
007281
007374
007446
007492
007507
007546
007592
007613
007802
007827
007857
008098
008174
008206
008320
008537
008718
008861
008938
009386
009468
009479
009761
009772
009827
009845
009979
010113
010136
010154
010180
010188
010192
010209
010259
010284
010292
010406
010508
010607
010668
010743
010784
010790
010805
010864
010967
011024
011071
011323
011450
011696
011735
011879
011885
012123
012197
012381
012476
012765
012812
012969
013227
013597
013613
013692
013964
014060
014066
014236
014244
014278
014310
014366
014590
014609
014637
014785
014860
015102
015184
015222
015229
015351
015372
015375
015542
015579
015595
015618
015661
015755
015852
015883
015885
015980
016012
016101
016161
016185
016204
016230
016286
016388
016417
016488
016503
016507
016701
016915
016963
017114
017121
017165
017248
017346
017413
017557
017615
017673
017709
017795
017824
017841
017883
017903
017936
018013
018076
018095
018164
018180
018410
018510
018575
018992
019025
019072
019178
019206
019385
019445
019567
019577
019677
019783
019832
019916
019918
020044
020092
020099
020111
020131
020161
020240
020296
020297
020332
020364
020757
020948
021018
021094
021102
021153
021280
021366
021586
021620
021676
021732
021754
021835
021890
022054
022103
022120
022140
022153
022282
022451
022484
022523
022551
022700
022858
022865
022965
022967
023027
023142
023478
023576
023612
023666
023996
024237
024301
024339
024365
024488
024721
024820
024836
024842
024899
024901
024905
024922
024925
024932
025019
025044
025055
025088
025104
025408
025420
025478
025548
025557
025626
025679
025764
025789
025804
025955
026222
026262
026501
026676
026691
026697
026745
026786
026881
027115
027340
027394
027397
027415
027442
027452
027758
027873
027999
028085
028309
028342
028401
028402
028548
028622
028723
028773
028857
029067
029230
029450
029485
029512
029561
029809
029862
029918
029938
029957
029974
029996
030154
030170
030310
030372
030503
030509
030572
030666
030726
030730
030805
030854
030899
031019
031190
031203
031338
031400
031696
031698
031703
032009
032137
032143
032162
032373
032377
032392
032515
032602
032974
033253
033506
033671
033716
033720
033734
033761
033859
033960
034295
034320
034366
034370
034551
034607
034621
034693
034779
034784
034925
034939
034982
035005
035063
035071
035126
035136
035207
035254
035319
035439
035453
035481
035537
035603
035652
035762
036173
036239
036394
036478
036504
036773
037001
037006
037134
037397
037544
037681
037703
037850
037928
038128
038444
038559
038814
038839
038912
038960
039061
039087
039102
039106
039109
039254
039390
039426
039579
039607
039620
039971
040081
040268
040274
040283
040311
040338
040473
040534
040564
040583
040646
040750
040793
040813
040958
040983
041005
041112
041137
041275
041375
041388
041445
041596
041665
041712
041779
042036
042048
042057
042108
042279
042398
042546
042776
042939
043054
043112
043244
043445
043472
043562
043606
043650
043669
043735
043737
043816
043859
043873
043900
043919
043968
044062
044329
044434
044449
044511
044518
044542
044577
044587
044626
044758
044902
045019
045199
045220
045226
045302
045303
045320
045435
045473
045604
045622
045658
045746
045797
045799
045862
045893
046001
046044
046093
046247
046472
046560
046760
046971
047005
047201
047359
047369
047377
047541
047778
047971
048016
048156
048260
048295
048358
048377
048433
048499
048555
048713
049030
049163
049259
049355
049676
049724
049810
049913
049915
049927
049947
049965
049991
050017
050230
050304
050499
050501
050523
050640
050780
050794
050849
051132
051362
051478
051503
051525
051702
051815
051880
051951
052093
052149
052173
052217
052254
052262
052398
052410
052497
052622
052640
052648
052696
052728
052758
052839
052847
052895
052956
053090
053239
053319
053360
053379
053480
053500
053553
053611
053780
053950
053958
054236
054263
054530
054644
054689
054719
054758
054896
054926
054946
055053
055068
055217
055223
055304
055355
055377
055392
055415
055419
055504
055612
055945
055946
055999
056032
056203
056314
056397
056715
056720
056735
056810
056857
057223
057320
057731
057811
057995
057997
058147
058236
058384
058391
058515
058520
058550
058597
058662
059130
059218
059269
059284
059308
059465
059521
059533
059536
059579
059709
059775
059844
059948
060000
060063
060068
060191
060250
060312
060383
060412
060479
060751
060861
060964
061063
061375
061480
061604
061664
061701
061916
062049
062065
062118
062141
062143
062596
062800
062880
063034
063125
063171
063180
063411
063455
063580
063946
064206
064276
064442
064468
064544
064577
064689
064756
064967
064989
065040
065210
065380
065400
