000001
000020
000054
000105
000155
000225
000261
000281
000485
000574
000591
000626
000647
000750
000751
000856
000858
000877
000878
000965
001027
001184
001242
001258
001367
001470
001641
001831
001848
001853
001970
002156
002357
002393
002470
002481
002559
002634
002692
002796
002893
002896
003019
003035
003133
003165
003168
003330
003387
003428
003465
003468
003618
003669
003689
003775
003843
003847
003864
003887
003920
003936
003939
004029
004062
004078
004157
004158
004406
004417
004689
004817
004849
004870
004875
004886
004924
004990
005101
005117
005123
005213
005214
005217
005271
005308
005499
005527
005548
005639
005716
005755
005761
005799
005940
005984
006014
006084
006090
006103
006175
006254
006343
006365
006397
006609
006644
006814
006988
007139
007233
007266
007281
007349
007446
007507
007669
007671
007857
007863
007961
008098
008111
008127
008155
008167
008177
008206
008231
008279
008370
008414
008456
008492
008515
008537
008593
008718
008758
008884
008938
009057
009071
009094
009156
009468
009572
009589
009821
009979
010113
010136
010192
010216
010259
010292
010370
010390
010406
010424
010498
010508
010589
010784
010786
010790
010805
010967
011071
011226
011312
011365
011376
011398
011450
011643
011696
011735
011736
011777
011879
011956
012032
012063
012123
012150
012259
012269
012381
012520
012629
012665
012802
012834
012934
013008
013070
013164
013180
013204
013227
013284
013467
013597
013613
013643
013692
013749
013778
013790
013884
013964
014060
014066
014074
014228
014278
014310
014366
014412
014483
014590
014609
014726
014797
014860
014912
015042
015051
015096
015102
015112
015170
015184
015188
015209
015227
015337
015372
015436
015440
015542
015579
015595
015619
015661
015755
015785
015788
015852
015883
015885
015907
015923
015980
015984
016012
016017
016057
016088
016204
016230
016378
016388
016417
016488
016503
016516
016554
016594
016648
016669
016701
016712
016779
016801
016863
016878
016963
016978
017121
017170
017181
017243
017248
017265
017369
017413
017531
017557
017582
017615
017617
017673
017795
017824
017883
017903
017910
017935
017948
017984
018013
018021
018095
018096
018180
018338
018344
018410
018458
018471
018575
018716
018866
019024
019072
019088
019093
019220
019313
019337
019445
019577
019665
019677
019686
019815
019916
019918
019920
019990
020011
020058
020073
020086
020092
020099
020111
020117
020131
020189
020195
020230
020240
020297
020332
020395
020455
020602
020757
020919
020947
020948
021018
021043
021102
021211
021235
021280
021288
021404
021586
021651
021665
021676
021689
021754
021755
021835
021877
021886
021890
021901
021958
022054
022102
022103
022140
022262
022282
022398
022451
022523
022550
022560
022679
022700
022782
022787
022835
022858
022865
022935
022955
022965
023004
023027
023142
023256
023566
023576
023612
023663
023666
023726
023740
023799
023952
024109
024145
024237
024242
024301
024311
024445
024488
024523
024664
024693
024721
024732
024824
024836
024842
024899
024901
024905
024925
024932
025019
025055
025060
025104
025141
025243
025253
025277
025365
025408
025420
025478
025537
025626
025637
025655
025679
025764
025789
025804
025808
025955
026024
026133
026264
026271
026472
026501
026503
026559
026676
026934
026943
027019
027228
027319
027369
027375
027394
027415
027444
027452
027758
027778
027873
027965
028016
028105
028117
028225
028230
028342
028401
028402
028470
028498
028507
028548
028554
028567
028644
028674
028747
028938
029040
029203
029230
029439
029450
029514
029544
029548
029561
029612
029676
029677
029765
029809
029862
029938
029957
029970
029974
030033
030061
030063
030172
030324
030327
030364
030503
030561
030642
030653
030666
030720
030730
030805
030841
030899
031019
031258
031400
031596
031715
031735
031918
031969
031983
032005
032009
032078
032137
032143
032162
032209
032221
032263
032368
032377
032392
032415
032423
032426
032456
032497
032543
032583
032602
032780
032787
032934
032965
032996
033038
033150
033161
033162
033253
033278
033309
033318
033387
033493
033560
033591
033619
033671
033672
033720
033734
033748
033761
033805
033842
033859
033928
033948
033960
034050
034070
034075
034146
034188
034293
034375
034433
034607
034621
034693
034776
034779
034784
034817
034910
034925
034939
034970
034982
035005
035063
035071
035114
035126
035136
035207
035216
035319
035327
035346
035358
035439
035453
035481
035499
035507
035537
035603
035652
035749
035762
035931
035971
035990
036004
036390
036394
036478
036504
036541
036598
036601
036731
036824
037001
037006
037395
037397
037405
037457
037491
037703
037771
037850
037943
038128
038549
038726
038839
038864
038983
039087
039106
039299
039330
039426
039427
039597
039614
039620
039645
039647
039782
039835
039902
039995
040030
040057
040081
040268
040274
040283
040349
040360
040376
040379
040473
040480
040509
040534
040564
040583
040646
040727
040795
040813
040830
040958
041005
041012
041225
041257
041275
041276
041354
041375
041384
041445
041520
041539
041602
041693
041712
041779
041904
042036
042048
042057
042085
042187
042265
042279
042349
042387
042398
042514
042546
042635
042682
042753
042798
042834
042873
043101
043112
043181
043244
043268
043392
043562
043606
043650
043670
043673
043735
043737
043744
043787
043793
043820
043857
043859
043900
043904
043919
043936
044062
044192
044325
044329
044434
044449
044511
044542
044577
044587
044614
044626
044779
044859
044902
044905
044963
045003
045019
045199
045226
045287
045302
045473
045494
045511
045580
045614
045666
045766
045797
045853
045862
045941
046001
046044
046093
046155
046210
046243
046247
046576
046760
046809
046990
047005
047201
047228
047264
047297
047353
047362
047377
047535
047541
047561
047621
047698
047778
047826
047849
047874
047971
048016
048061
048100
048196
048246
048263
048326
048328
048358
048377
048402
048499
048546
048660
048973
049016
049030
049133
049149
049278
049288
049294
049300
049340
049355
049724
049810
049915
049927
049965
049991
050016
050017
050054
050162
050215
050222
050268
050344
050463
050501
050523
050528
050647
050794
050795
050845
051014
051047
051132
051191
051201
051362
051407
051416
051503
051525
051538
051702
051758
051815
051880
051901
052093
052149
052217
052262
052320
052371
052398
052410
052490
052497
052640
052641
052825
052827
052839
052847
052873
052947
053071
053090
053113
053154
053234
053360
053429
053480
053500
053582
053633
053705
053789
053876
053950
054139
054222
054236
054263
054267
054338
054383
054429
054430
054520
054643
054644
054679
054705
054719
054757
054758
054775
054896
054946
054949
055068
055217
055304
055355
055392
055395
055409
055419
055454
055611
055612
055709
055888
055945
055974
056156
056444
056451
056558
056667
056678
056682
056715
056720
056810
056857
057054
057127
057152
057212
057213
057223
057320
057488
057679
057699
057731
057811
057950
057963
057995
057997
058203
058233
058236
058239
058302
058314
058341
058384
058391
058497
058520
058550
058572
058597
058645
058662
058738
058867
058974
059129
059130
059247
059308
059386
059409
059521
059533
059536
059579
059663
059673
059688
059698
059758
059775
059873
059884
059948
060030
060063
060146
060214
060250
060251
060312
060383
060412
060477
060562
060568
060574
060576
060587
060614
060650
060751
060861
060891
060964
061012
061054
061063
061106
061131
061154
061169
061181
061224
061302
061352
061395
061480
061514
061604
061607
061664
061674
061701
061903
061916
062053
062074
062118
062121
062139
062141
062143
062228
062278
062287
062351
062461
062596
062724
062778
062862
062912
062922
062972
063034
063120
063125
063136
063163
063171
063180
063258
063297
063504
063580
063584
063587
063604
063608
063644
063763
063848
063890
063929
063946
064071
064074
064113
064190
064206
064241
064276
064324
064408
064442
064468
064569
064610
064653
064662
064685
064689
064902
064925
065042
065082
065186
065333
065336
065380
065400
