000001
000105
000110
000131
000155
000225
000261
000281
000289
000352
000407
000481
000574
000608
000626
000647
000659
000662
000750
000751
000858
000877
000878
000892
000919
000965
000972
001019
001027
001087
001214
001242
001275
001324
001367
001378
001386
001640
001658
001736
001816
001853
001912
001954
001970
002066
002068
002076
002156
002163
002241
002298
002323
002329
002355
002357
002419
002551
002559
002603
002608
002723
002796
002807
002896
002956
003019
003035
003049
003068
003091
003117
003133
003135
003165
003168
003225
003274
003330
003387
003623
003645
003672
003689
003803
003836
003847
003864
003887
003920
003939
003971
004029
004056
004062
004071
004078
004117
004177
004248
004261
004301
004367
004406
004417
004438
004564
004634
004656
004674
004689
004694
004726
004737
004763
004804
004839
004846
004870
004886
004922
004924
005123
005129
005176
005213
005217
005221
005300
005308
005440
005499
005502
005527
005548
005639
005678
005701
005721
005799
005806
005888
005902
005940
005987
006014
006015
006021
006071
006084
006090
006103
006175
006254
006325
006332
006341
006411
006421
006592
006644
006648
006814
006883
006923
006970
006988
007144
007188
007233
007374
007446
007531
007613
007625
007721
007754
007823
007827
007857
007863
007899
008022
008127
008174
008206
008279
008320
008370
008456
008492
008520
008526
008537
008593
008623
008684
008718
008758
008861
008884
008938
009057
009071
009202
009226
009268
009294
009295
009332
009387
009479
009573
009589
009613
009655
009684
009690
009821
009921
009979
009981
010113
010120
010154
010192
010209
010216
010242
010259
010292
010370
010406
010424
010498
010589
010607
010637
010784
010790
010805
010834
010864
010948
010967
010974
011024
011071
011095
011167
011193
011241
011270
011274
011287
011312
011323
011365
011369
011376
011396
011398
011450
011551
011643
011647
011664
011735
011755
011879
011885
011933
012045
012063
012120
012121
012123
012158
012238
012252
012259
012266
012269
012316
012321
012357
012372
012381
012457
012476
012629
012653
012665
012765
012802
012844
012846
012898
012934
012969
012988
013008
013027
013096
013119
013164
013170
013180
013204
013284
013467
013529
013567
013597
013612
013613
013692
013736
013778
013790
013868
013896
013944
014000
014006
014058
014060
014061
014066
014094
014233
014244
014278
014310
014366
014412
014415
014483
014560
014574
014590
014609
014637
014785
014827
014860
014916
014995
015071
015102
015184
015188
015227
015229
015283
015325
015375
015436
015464
015471
015542
015579
015595
015661
015707
015755
015785
015810
015852
015883
015885
015906
016012
016084
016088
016161
016204
016230
016286
016369
016378
016388
016417
016503
016507
016516
016576
016583
016648
016701
016712
016735
016787
016863
016878
016924
016963
016978
017114
017121
017143
017165
017170
017179
017180
017189
017237
017243
017248
017265
017317
017346
017348
017369
017413
017419
017489
017531
017562
017582
017615
017617
017706
017709
017716
017762
017791
017795
017841
017903
017935
017936
017948
017952
017969
017984
018012
018013
018033
018076
018112
018164
018174
018180
018344
018410
018471
018510
018558
018575
018799
018866
019072
019088
019093
019178
019337
019445
019567
019577
019618
019677
019686
019732
019785
019804
019815
019841
019916
019918
019920
019921
019946
019990
020044
020092
020099
020111
020131
020172
020297
020332
020365
020383
020384
020454
020572
020602
020702
020718
020757
020812
020895
020919
020947
020948
020979
021018
021043
021094
021102
021109
021153
021202
021211
021288
021361
021386
021404
021586
021620
021651
021676
021755
021877
021886
021890
021919
022022
022054
022103
022140
022143
022190
022282
022288
022378
022379
022398
022401
022451
022523
022550
022551
022560
022581
022593
022596
022607
022679
022700
022725
022750
022762
022787
022796
022858
022865
022935
022955
022965
022967
023027
023076
023142
023178
023193
023256
023258
023348
023405
023478
023522
023539
023576
023652
023666
023726
023766
023909
023952
024055
024057
024083
024088
024110
024129
024145
024237
024242
024301
024309
024311
024339
024365
024488
024512
024533
024721
024820
024836
024842
024878
024881
024899
024901
024905
024925
024932
025002
025009
025044
025055
025104
025207
025230
025243
025324
025344
025365
025369
025408
025478
025511
025524
025626
025637
025655
025679
025758
025804
025808
025825
025832
025838
025898
025924
025955
025981
026024
026026
026222
026262
026264
026271
026432
026438
026472
026562
026567
026676
026697
026716
026745
026786
026826
026855
026943
027115
027127
027225
027319
027337
027338
027340
027373
027394
027435
027477
027606
027680
027758
027778
027812
027817
027965
027999
028016
028053
028085
028095
028115
028147
028225
028238
028242
028287
028309
028310
028342
028401
028402
028462
028470
028497
028498
028547
028548
028593
028622
028644
028650
028793
028836
028838
028849
028850
028857
028905
028909
028929
028973
029025
029040
029067
029095
029101
029106
029183
029203
029218
029230
029237
029244
029266
029391
029439
029450
029473
029512
029561
029800
029805
029809
029825
029862
029918
029938
029957
029970
029974
030033
030061
030063
030170
030172
030213
030220
030310
030364
030378
030494
030503
030536
030546
030642
030653
030666
030700
030703
030720
030726
030742
030805
030854
030921
031019
031052
031190
031258
031338
031400
031443
031715
031754
031983
032009
032019
032028
032064
032072
032074
032078
032114
032137
032143
032162
032209
032221
032232
032263
032271
032285
032368
032377
032392
032405
032408
032415
032423
032437
032475
032497
032515
032602
032787
032924
032934
032965
032975
033150
033161
033162
033164
033224
033253
033318
033328
033384
033395
033426
033493
033506
033533
033671
033672
033698
033720
033733
033748
033750
033761
033807
033847
033850
034050
034070
034075
034146
034150
034183
034293
034295
034320
034348
034375
034433
034551
034583
034607
034621
034629
034643
034675
034776
034779
034888
034910
034925
034956
034970
035005
035063
035071
035086
035099
035126
035136
035203
035207
035216
035346
035358
035367
035439
035444
035453
035481
035499
035507
035537
035593
035603
035640
035652
035753
035762
035802
035884
035904
035931
035961
036063
036239
036274
036394
036400
036402
036418
036478
036504
036541
036598
036738
036773
036824
036875
036944
036969
037001
037006
037134
037238
037395
037405
037410
037436
037449
037457
037491
037511
037516
037575
037681
037703
037771
037850
037928
037937
037970
038001
038040
038075
038128
038170
038224
038328
038440
038549
038559
038710
038726
038912
038913
038960
038986
039061
039087
039106
039109
039390
039394
039426
039459
039597
039606
039614
039620
039645
039647
039689
039745
039782
039835
039902
039908
039971
039995
040030
040057
040072
040114
040167
040169
040268
040274
040283
040311
040360
040413
040470
040473
040534
040564
040583
040620
040646
040716
040750
040762
040786
040795
040949
040958
041005
041034
041112
041137
041195
041205
041225
041276
041375
041388
041445
041520
041539
041569
041602
041665
041693
041712
041772
041779
041820
041942
042019
042048
042057
042085
042265
042279
042287
042290
042323
042398
042400
042490
042514
042546
042635
042693
042753
042776
042779
042782
042798
042810
042821
042826
042873
042898
042939
042949
043004
043096
043112
043138
043181
043232
043241
043244
043268
043287
043303
043392
043397
043472
043562
043606
043650
043669
043670
043673
043735
043737
043744
043820
043859
043900
043919
044055
044104
044186
044192
044299
044325
044353
044449
044511
044518
044542
044544
044577
044582
044587
044614
044615
044626
044663
044671
044684
044691
044779
044797
044859
044902
044963
044992
045003
045019
045108
045152
045199
045226
045287
045320
045419
045435
045473
045494
045511
045543
045580
045604
045614
045617
045746
045766
045797
045811
045853
045862
045898
045963
046001
046057
046073
046155
046247
046252
046403
046472
046733
046760
046809
046864
046904
046971
046990
047005
047179
047180
047201
047228
047264
047297
047317
047359
047362
047377
047468
047504
047525
047537
047561
047577
047590
047621
047681
047778
047781
047849
047928
047945
048013
048016
048031
048061
048100
048196
048246
048260
048263
048319
048326
048377
048402
048432
048433
048499
048536
048580
048660
048766
048770
048773
048810
048835
048939
048973
049005
049016
049051
049108
049133
049149
049155
049163
049259
049278
049288
049294
049355
049395
049438
049644
049778
049799
049810
049822
049891
049912
049924
049927
049947
049965
049991
050014
050017
050162
050178
050215
050237
050281
050309
050457
050463
050499
050501
050528
050699
050702
050738
050794
050795
050814
050860
050910
050970
051124
051132
051191
051211
051223
051250
051273
051295
051297
051362
051416
051467
051478
051503
051608
051622
051702
051768
051815
051880
052093
052149
052173
052254
052320
052325
052398
052410
052490
052497
052640
052641
052648
052696
052728
052730
052758
052805
052825
052839
052847
052895
052947
053090
053099
053154
053234
053239
053244
053260
053376
053379
053393
053429
053461
053480
053500
053553
053618
053674
053705
053711
053789
053950
053958
054053
054091
054095
054115
054141
054201
054222
054236
054263
054332
054365
054369
054383
054421
054429
054472
054520
054530
054586
054644
054648
054651
054679
054686
054705
054719
054758
054775
054884
054896
054926
054946
055013
055137
055217
055223
055304
055336
055355
055384
055391
055417
055419
055435
055470
055612
055624
055632
055635
055709
055886
055888
055974
056032
056154
056224
056314
056317
056349
056485
056538
056642
056667
056686
056720
056735
056743
056769
056810
056857
057047
057087
057127
057152
057213
057280
057320
057488
057614
057679
057692
057699
057731
057811
057963
057995
057997
058011
058103
058175
058177
058302
058314
058341
058384
058520
058523
058550
058567
058597
058645
058662
058776
058799
058859
058867
058941
058974
059129
059130
059201
059247
059269
059284
059308
059409
059521
059536
059663
059673
059698
059709
059727
059758
059823
059884
059907
059948
060063
060147
060210
060214
060233
060250
060312
060383
060431
060477
060479
060568
060576
060587
060650
060664
060741
060751
060797
060861
060891
060964
060981
061012
061054
061112
061118
061302
061352
061373
061480
061514
061551
061607
061674
061701
061759
061917
062049
062068
062074
062118
062121
062139
062141
062143
062188
062198
062228
062351
062374
062461
062482
062619
062633
062653
062778
062862
062880
062922
062968
063034
063052
063120
063136
063163
063171
063180
063297
063305
063309
063311
063348
063379
063429
063550
063571
063580
063587
063604
063608
063626
063759
063780
063794
063848
063897
063940
063946
064006
064074
064113
064190
064204
064241
064276
064330
064366
064408
064468
064544
064577
064581
064605
064610
064653
064662
064685
064688
064689
064818
064902
064925
064989
065040
065042
065059
065136
065189
065195
065210
065336
065380
065400
