000020
000155
000225
000261
000281
000289
000485
000574
000628
000647
000751
000763
000965
001214
001242
001258
001470
001918
001970
002022
002156
002304
002559
002628
002692
002796
002896
002926
003019
003035
003133
003165
003168
003517
003672
003775
003847
004029
004417
004726
004849
004875
004886
005117
005213
005217
005499
005716
005799
005888
006014
006103
006175
006254
006282
006813
006814
007247
007281
007446
007492
007507
007531
008098
008206
008537
008718
008938
009332
009477
009588
009960
009979
010113
010136
010192
010259
010292
010406
010508
010607
010743
010784
010790
010805
010967
011011
011027
011450
011696
011735
011879
011885
012381
012558
012812
013170
013227
013597
013692
013801
013964
014006
014060
014066
014236
014278
014310
014366
014574
014590
014609
014687
014860
015102
015184
015212
015372
015375
015401
015464
015542
015569
015595
015661
015755
015852
015883
015885
015980
016012
016161
016204
016230
016384
016388
016417
016488
016503
016701
016963
017121
017227
017237
017248
017557
017615
017673
017795
017824
017883
017903
018013
018095
018180
018331
018410
018575
019072
019178
019577
019677
019916
019918
020092
020099
020111
020131
020240
020297
020332
020553
020757
020948
021018
021094
021102
021280
021366
021510
021586
021676
021732
021835
021890
022054
022103
022120
022140
022282
022288
022451
022523
022700
022796
022838
022858
022965
023027
023076
023576
023612
023666
024301
024488
024721
024836
024842
024899
024901
024905
024922
024925
024932
025019
025055
025088
025104
025408
025420
025478
025626
025679
025764
025789
025804
025955
026438
026501
026676
026764
026867
026966
027394
027415
027417
027452
027873
028064
028095
028309
028342
028401
028548
028723
028850
029230
029450
029485
029561
029809
029862
029938
029974
030503
030700
030730
030805
030899
031019
031190
031203
031309
031338
031400
031459
032009
032143
032377
032392
032602
033253
033328
033671
033698
033720
033734
033761
033859
033960
034295
034456
034607
034621
034693
034779
034784
034939
034982
035005
035063
035136
035207
035319
035439
035453
035481
035537
035762
036239
036394
036478
036504
037001
037006
037397
037681
037703
037797
037850
037928
038128
038343
038440
038777
038814
038839
039087
039106
039426
039433
039607
039620
039971
040081
040268
040283
040413
040473
040564
040583
040646
040813
040983
041005
041112
041137
041141
041275
041375
041445
041596
041712
042036
042057
042398
042546
042643
043054
043112
043244
043562
043606
043735
043737
043777
043859
043900
043919
044062
044329
044434
044449
044511
044577
044587
044626
044902
045019
045199
045226
045302
045320
045473
045797
045862
046001
046044
046093
046247
046560
046760
047005
047201
047359
047377
047541
047577
047667
047778
048008
048016
048188
048358
048377
048499
049030
049355
049724
049810
049915
049927
049965
049991
050017
050304
050309
050458
050501
050523
050640
050794
050910
051132
051362
051503
051525
051702
051815
051880
052093
052149
052262
052398
052497
052622
052640
052839
052847
052895
052956
053090
053239
053360
053480
053500
053950
054236
054263
054644
054758
054896
054946
055068
055137
055200
055217
055304
055332
055391
055392
055415
055419
055612
055854
055945
056397
056635
056715
056720
056810
056857
057223
057320
057380
057731
057811
057995
057997
058236
058391
058513
058520
058550
058597
058662
058771
058776
059130
059521
059533
059536
059579
059709
059775
059948
060063
060181
060250
060312
060383
060412
060751
060861
061063
061448
061480
061604
061664
061701
061916
062003
062049
062065
062118
062141
062143
062596
062800
063025
063034
063125
063171
063580
064206
064276
064442
064468
064498
064577
064689
065099
065210
065380
065400
065406
065484
