000020
000130
000236
000261
000281
000352
000574
000647
000750
000751
000757
000965
001082
001242
001275
001399
001970
002004
002124
002132
002156
002559
002692
002723
002796
002896
002926
002997
003019
003027
003035
003165
003168
003330
003476
003645
003672
003756
003847
003971
004028
004177
004248
004367
004417
004726
004849
004875
004886
005176
005213
005217
005499
005506
005527
005536
005794
005955
006014
006041
006071
006103
006175
006254
006325
006332
006411
006421
006813
006814
007109
007211
007374
007446
007492
007754
007802
007827
007836
007857
008098
008174
008206
008320
008718
008861
009163
009315
009479
009581
009588
009761
009772
009827
009979
010113
010154
010188
010192
010209
010217
010259
010284
010292
010307
010406
010508
010548
010607
010743
010784
010790
010864
010948
011024
011323
011450
011502
011664
011885
012197
012476
012591
012765
012969
013096
013225
013229
013597
013613
013692
013791
013964
014060
014066
014244
014252
014292
014310
014366
014574
014590
014609
014637
014647
014687
014785
014860
015102
015184
015222
015229
015375
015542
015595
015618
015661
015707
015755
015852
015883
015885
016012
016101
016161
016185
016204
016230
016388
016417
016701
016713
016963
017114
017121
017165
017227
017346
017562
017615
017709
017795
017841
017936
018013
018076
018141
018164
018180
018410
018510
018992
019025
019072
019178
019445
019487
019567
019577
019677
019783
019832
019916
019918
020044
020099
020111
020131
020161
020190
020240
020297
020324
020332
020812
020948
021018
021094
021102
021153
021280
021296
021299
021366
021510
021586
021620
021676
021732
021890
022054
022103
022120
022140
022153
022282
022451
022484
022523
022551
022700
022858
022865
022965
023027
023142
023478
023568
023612
023666
023695
023996
024110
024237
024488
024708
024820
024836
024844
024905
024925
024931
024932
025055
025104
025324
025408
025478
025548
025557
025679
025804
026222
026262
026432
026676
026691
026697
026745
026786
026801
026865
026881
027115
027338
027340
027394
027415
027442
027758
027825
028116
028121
028342
028401
028548
028593
028622
028723
028857
029067
029230
029244
029450
029473
029485
029512
029561
029601
029626
029732
029809
029918
029938
029957
029974
029996
030154
030170
030309
030310
030503
030509
030719
030726
030805
031019
031190
031203
031943
032004
032009
032028
032162
032271
032277
032285
032373
032377
032392
032515
032924
033506
033720
033761
033859
034267
034295
034320
034366
034551
034607
034621
034693
034779
035005
035039
035063
035136
035207
035439
035453
035481
035537
035762
036239
036348
036394
036478
036504
036544
036593
036623
036773
037134
037544
037703
037850
037928
038128
038170
038343
038444
038559
038925
038960
039061
039087
039102
039106
039109
039426
039433
039579
039620
040274
040311
040338
040414
040473
040564
040667
040750
040793
040813
040983
041005
041112
041137
041375
041388
041434
041445
041665
041712
041876
042048
042057
042159
042279
042398
042546
042595
042776
043054
043112
043232
043244
043472
043562
043606
043669
043735
043737
043816
043873
043900
043919
044449
044511
044518
044523
044542
044577
044587
044626
044691
044758
044854
044902
044992
045019
045066
045152
045199
045226
045320
045491
045604
045658
045746
045797
045799
045844
045862
046001
046025
046073
046247
046254
046452
046472
046760
046971
047005
047201
047359
047377
047541
047971
048016
048260
048295
048377
048433
048555
049163
049259
049294
049724
049810
049913
049915
049927
049947
049965
050016
050230
050237
050304
050499
050501
050578
050794
050830
050849
051362
051478
051525
051702
051815
051880
051951
052093
052149
052173
052254
052398
052410
052497
052637
052640
052648
052696
052728
052753
052758
052839
052847
053090
053379
053480
053500
053553
053780
053958
054201
054236
054263
054360
054530
054644
054686
054689
054719
054758
054926
054946
055013
055053
055223
055304
055332
055377
055415
055419
055420
055472
055504
055544
055854
056032
056224
056314
056715
056720
056735
056810
056857
056889
056917
057196
057320
057731
057811
057995
057997
058391
058416
058513
058550
058597
058662
058791
058799
059035
059269
059284
059465
059536
059579
059709
059775
059948
060000
060068
060250
060312
060383
060479
060552
060861
060964
060982
061118
061404
061480
061604
061614
061701
061916
062049
062065
062118
062141
062143
062175
062354
062596
062800
062880
063034
063171
063180
063411
063429
063455
063580
063715
063780
064276
064468
064544
064577
064689
064756
064939
064967
065040
065210
065380
065400
