000020
000155
000261
000281
000485
000574
000647
000750
000751
000856
000965
001242
001258
001470
001496
001641
001684
001918
001970
002132
002156
002470
002559
002634
002692
002796
002893
002896
003019
003133
003165
003168
003330
003442
003465
003468
003618
003735
003775
003847
004029
004157
004417
004667
004849
004875
004886
005101
005117
005213
005217
005271
005430
005499
005527
005716
005761
005799
006103
006175
006254
006343
006379
006814
007266
007281
007349
007446
007507
007597
007857
008098
008206
008414
008655
008718
008938
009385
009581
009921
010113
010136
010192
010292
010406
010508
010743
010784
010786
010790
010805
010967
011226
011450
011696
011777
011879
011885
012329
012381
013227
013404
013597
013613
013692
013964
014022
014060
014066
014074
014084
014120
014185
014310
014366
014590
014609
014690
014726
014860
015102
015184
015351
015372
015440
015542
015595
015647
015661
015852
015883
015885
016012
016204
016230
016384
016388
016417
016488
016801
016963
017121
017181
017413
017486
017549
017557
017615
017754
017883
017903
017910
018013
018021
018095
018410
019072
019220
019313
019445
019577
019677
019916
019918
020099
020111
020131
020189
020240
020297
020332
020757
020948
021018
021186
021280
021366
021586
021676
021835
021890
022054
022071
022103
022140
022255
022282
022451
022548
022782
022858
022865
022965
023027
023142
023566
023576
023612
023666
023740
023799
024237
024301
024381
024488
024523
024721
024836
024899
024905
024932
025019
025055
025104
025408
025420
025478
025565
025679
025764
025789
025804
026501
026540
026676
026801
027394
027415
027452
027758
028230
028342
028401
028548
029230
029450
029548
029561
029809
029938
029957
030426
030503
030561
030666
030730
030805
030841
030899
031166
031203
031400
032005
032009
032162
032377
032392
032918
033038
033220
033720
033761
033859
033960
034088
034607
034621
034693
034779
034784
034817
034982
035005
035063
035136
035207
035319
035439
035453
035537
035749
035762
035975
036390
036394
036478
036929
037001
037397
037484
037703
037850
038128
038839
039087
039106
039299
039330
039426
039427
040081
040274
040283
040473
040564
040583
040646
040727
040813
041005
041112
041162
041375
041384
041445
041712
042036
042048
042057
042279
042398
042546
042798
043112
043244
043562
043606
043735
043737
043859
043919
044062
044329
044434
044449
044523
044542
044577
044587
044626
044854
044902
045019
045066
045199
045226
045302
045862
045883
046001
046044
046093
046247
046254
046760
047005
047201
047233
047377
047541
047931
048016
048169
048328
048358
048377
048546
049030
049294
049355
049724
049810
049915
049927
049965
049991
050016
050108
050268
050344
050501
050523
050793
050794
051201
051287
051362
051503
051525
051538
051702
051815
051880
052093
052149
052320
052398
052410
052497
052571
052640
052839
052847
052873
053071
053090
053360
053480
053500
053817
053950
054236
054263
054644
054719
054758
054946
054949
055304
055392
055419
056444
056451
056715
056720
056857
057223
057320
057503
057811
057995
057997
058203
058236
058391
058520
058550
058597
058662
058738
059130
059533
059579
059775
059873
059948
060181
060250
060312
060383
060412
060562
060574
060751
060861
060964
061043
061063
061131
061181
061480
061604
061664
061701
061903
061916
062053
062065
062118
062141
062143
062228
062287
062596
062724
062800
062912
063125
063180
063258
063580
064206
064276
064442
064468
065082
065210
065380
065400
