000020
000155
000175
000225
000261
000281
000335
000352
000485
000498
000574
000647
000750
000751
000965
001027
001167
001242
001258
001275
001324
001361
001386
001390
001470
001641
001795
001864
001918
001970
002132
002156
002225
002419
002470
002559
002620
002679
002692
002723
002796
002896
002926
002997
003019
003035
003133
003165
003168
003330
003476
003645
003672
003775
003847
003932
003971
004029
004062
004157
004248
004367
004417
004726
004849
004875
004886
004924
005117
005123
005176
005213
005217
005221
005490
005499
005527
005536
005560
005599
005677
005716
005761
005799
005806
006014
006042
006103
006175
006254
006332
006376
006411
006592
006813
006814
007186
007281
007413
007446
007492
007507
007613
007754
007827
007857
007899
008098
008174
008206
008320
008537
008543
008593
008634
008718
008938
009109
009414
009432
009444
009468
009479
009917
009979
009994
010010
010113
010136
010154
010188
010192
010209
010259
010292
010351
010370
010406
010508
010592
010607
010743
010746
010784
010786
010790
010805
010829
010864
010946
010948
010967
011071
011323
011450
011696
011735
011740
011785
011879
011885
011915
011933
011954
011996
012123
012158
012381
012476
012574
012633
012863
012938
013008
013164
013227
013529
013597
013613
013692
013868
013964
014060
014066
014069
014074
014244
014278
014310
014366
014574
014590
014609
014637
014687
014726
014860
015102
015184
015208
015229
015280
015351
015372
015375
015395
015436
015542
015579
015595
015661
015755
015852
015883
015885
015980
016012
016088
016161
016204
016230
016286
016362
016384
016388
016417
016488
016503
016507
016547
016599
016701
016801
016878
016963
017014
017070
017114
017121
017165
017189
017227
017248
017291
017346
017413
017557
017615
017617
017673
017795
017824
017841
017883
017903
017948
017991
018013
018014
018061
018076
018095
018164
018180
018226
018410
018510
018575
018686
018845
018914
019072
019144
019153
019178
019337
019445
019567
019577
019677
019686
019841
019916
019918
019920
020044
020080
020092
020099
020111
020131
020161
020240
020297
020332
020386
020526
020757
020824
020948
021018
021045
021094
021102
021153
021280
021338
021366
021586
021676
021689
021732
021754
021835
021890
022054
022103
022119
022120
022140
022282
022352
022379
022451
022484
022523
022534
022550
022551
022560
022700
022858
022865
022895
022935
022965
023027
023142
023291
023478
023576
023612
023666
023726
023740
023909
023922
024145
024237
024242
024301
024339
024365
024488
024682
024721
024791
024820
024836
024842
024844
024899
024901
024905
024925
024932
025019
025044
025050
025055
025059
025104
025365
025408
025420
025478
025626
025643
025655
025679
025763
025764
025789
025804
025832
025955
026222
026384
026501
026515
026567
026590
026676
026745
026786
026801
026895
027000
027105
027340
027394
027397
027410
027415
027452
027758
027873
027965
027999
028085
028230
028242
028342
028401
028402
028470
028548
028617
028723
028857
029067
029115
029230
029244
029450
029457
029463
029473
029485
029512
029548
029561
029626
029800
029809
029862
029886
029918
029938
029957
029974
030061
030063
030170
030261
030310
030503
030509
030572
030666
030726
030730
030805
030841
030854
030899
031019
031077
031190
031203
031245
031400
031410
031490
031577
031696
031703
031717
031754
031915
031943
032005
032009
032019
032137
032143
032162
032209
032357
032377
032392
032423
032463
032515
032556
032577
032579
032602
032934
032974
033077
033096
033253
033265
033467
033506
033671
033691
033720
033734
033761
033859
033861
033960
033976
034075
034206
034295
034382
034551
034607
034621
034693
034779
034784
034925
034939
034982
035005
035063
035071
035126
035136
035207
035216
035217
035242
035319
035346
035439
035440
035453
035481
035507
035537
035603
035762
035804
036239
036284
036394
036478
036504
036593
036695
036773
036824
036975
037006
037134
037397
037590
037593
037703
037850
037928
038128
038304
038343
038400
038479
038503
038807
038839
038960
039061
039084
039087
039102
039106
039129
039195
039426
039620
039829
039835
039995
040007
040030
040081
040268
040274
040283
040311
040418
040473
040534
040564
040583
040620
040646
040708
040727
040750
040762
040786
040795
040813
040958
040983
041000
041005
041012
041091
041112
041137
041195
041250
041275
041375
041445
041602
041665
041712
041753
041779
041959
042036
042048
042057
042265
042279
042374
042398
042543
042546
042621
042665
042776
042873
042939
043054
043091
043101
043112
043244
043397
043562
043606
043613
043650
043672
043735
043737
043807
043859
043900
043904
043919
044062
044104
044325
044329
044353
044366
044434
044449
044511
044523
044542
044577
044587
044626
044708
044746
044758
044759
044779
044854
044902
044905
045019
045066
045199
045226
045302
045303
045320
045366
045441
045473
045797
045862
046001
046044
046093
046182
046247
046254
046472
046760
046809
046990
047005
047026
047201
047359
047362
047377
047541
047602
047677
047694
047778
047849
047971
048016
048031
048156
048260
048263
048358
048377
048402
048433
048463
048499
048580
048682
048766
048770
048836
048933
049030
049133
049163
049294
049352
049355
049556
049724
049799
049810
049915
049927
049965
049991
050016
050017
050120
050237
050304
050344
050390
050456
050463
050501
050515
050523
050780
050794
050860
051132
051191
051201
051220
051362
051483
051503
051525
051629
051699
051702
051815
051880
052093
052149
052211
052217
052232
052244
052262
052320
052353
052359
052398
052410
052490
052497
052594
052640
052648
052728
052758
052839
052847
052873
052905
053090
053098
053234
053360
053379
053430
053461
053480
053500
053532
053897
053948
053950
053958
054095
054201
054236
054263
054429
054576
054644
054679
054719
054758
054896
054926
054946
054949
055132
055217
055223
055304
055355
055392
055415
055419
055544
055556
055559
055574
055612
055734
055762
055892
055945
055974
055992
056538
056642
056686
056702
056715
056720
056735
056810
056857
057196
057223
057320
057488
057566
057699
057731
057811
057841
057907
057995
057997
058116
058236
058341
058360
058384
058391
058416
058520
058523
058550
058597
058645
058662
058738
058799
059129
059130
059207
059269
059284
059308
059392
059396
059521
059533
059536
059579
059709
059724
059775
059884
059948
060063
060181
060250
060312
060318
060339
060383
060412
060483
060568
060698
060751
060839
060861
060891
060964
061012
061063
061082
061106
061375
061480
061502
061604
061664
061701
061903
061916
062049
062065
062118
062121
062141
062143
062198
062228
062351
062461
062596
062767
062800
062838
063034
063085
063125
063171
063180
063397
063483
063517
063580
063656
063759
063796
063873
063946
064154
064206
064241
064276
064324
064408
064442
064468
064544
064577
064685
064689
064902
064904
064925
064945
064955
064989
065040
065042
065195
065210
065336
065358
065380
065400
