000020
000155
000225
000261
000281
000352
000485
000574
000647
000750
000751
000856
000965
001027
001242
001258
001275
001324
001361
001470
001641
001918
001970
002132
002156
002419
002470
002559
002634
002692
002796
002893
002896
003019
003035
003133
003165
003168
003330
003465
003468
003645
003775
003843
003847
003932
003936
004029
004062
004157
004367
004417
004817
004849
004875
004886
004924
005101
005117
005176
005213
005217
005221
005271
005499
005527
005677
005716
005761
005799
006014
006103
006175
006254
006332
006343
006411
006814
007281
007349
007446
007507
007669
007754
007827
007857
007899
007961
008098
008174
008206
008320
008414
008537
008593
008718
008938
009000
009468
009479
009979
009994
010113
010136
010192
010209
010259
010292
010370
010390
010406
010508
010743
010784
010786
010790
010805
010864
010946
010967
011071
011226
011323
011450
011696
011735
011777
011879
011885
011933
011956
012123
012381
012476
013008
013164
013227
013529
013597
013613
013692
013749
013868
013884
013964
014060
014066
014074
014228
014244
014278
014310
014366
014590
014609
014637
014726
014860
015102
015184
015229
015337
015351
015372
015436
015440
015542
015579
015595
015661
015755
015852
015883
015885
015980
016012
016017
016088
016204
016230
016384
016388
016417
016488
016503
016701
016801
016878
016963
017114
017121
017165
017181
017189
017248
017346
017413
017557
017615
017617
017673
017795
017824
017841
017883
017903
017910
017948
018013
018014
018021
018076
018095
018096
018164
018180
018410
018575
019072
019313
019337
019445
019577
019677
019686
019916
019918
019920
020044
020092
020099
020111
020131
020230
020240
020297
020332
020757
020948
021018
021102
021153
021280
021586
021676
021754
021835
021890
022054
022103
022140
022282
022379
022451
022523
022550
022551
022560
022700
022858
022865
022965
023004
023027
023142
023478
023576
023612
023666
023726
023740
023799
023909
024237
024242
024301
024445
024470
024488
024523
024721
024820
024836
024842
024899
024901
024905
024925
024932
025019
025055
025104
025365
025408
025420
025478
025626
025679
025763
025764
025789
025804
025832
025955
026222
026501
026567
026676
026745
026786
026801
027340
027369
027394
027397
027415
027452
027739
027758
027873
027965
028230
028242
028342
028401
028402
028470
028548
028554
028857
029067
029230
029244
029450
029512
029548
029561
029612
029689
029809
029862
029918
029938
029957
029974
030061
030063
030170
030310
030327
030503
030561
030666
030730
030805
030841
030899
031019
031203
031400
031735
032005
032009
032019
032137
032143
032162
032209
032377
032392
032423
032426
032515
032602
032934
033038
033253
033506
033671
033720
033734
033761
033859
033960
034382
034551
034607
034621
034693
034779
034784
034817
034925
034939
034982
035005
035063
035071
035126
035136
035207
035216
035319
035327
035346
035439
035453
035481
035507
035537
035603
035762
035804
036390
036394
036478
036504
036773
036824
037001
037006
037134
037397
037593
037703
037850
037943
038128
038549
038839
038960
039087
039106
039299
039330
039426
039427
039620
039835
039995
040030
040081
040268
040274
040283
040311
040473
040509
040534
040564
040583
040620
040646
040727
040750
040762
040795
040813
040958
041005
041195
041275
041375
041384
041445
041665
041712
041753
041779
042036
042048
042057
042265
042279
042349
042387
042398
042546
042776
043101
043112
043244
043397
043562
043606
043613
043650
043735
043737
043793
043859
043900
043919
043936
044062
044325
044329
044353
044434
044449
044511
044523
044542
044577
044587
044626
044854
044902
044905
045019
045066
045199
045226
045302
045473
045582
045797
045838
045862
046001
046044
046093
046247
046294
046472
046760
046809
046990
047005
047201
047362
047377
047541
047602
047778
048016
048031
048156
048260
048263
048328
048358
048377
048402
048433
048499
048546
048580
048766
048770
049030
049133
049294
049340
049355
049724
049799
049810
049915
049927
049965
049991
050016
050017
050268
050344
050390
050501
050523
050794
050860
051132
051191
051201
051362
051503
051525
051538
051629
051702
051815
051880
052093
052149
052217
052262
052320
052398
052410
052497
052640
052728
052758
052839
052847
052873
053071
053090
053360
053379
053480
053500
053633
053950
053958
054236
054263
054429
054644
054679
054719
054758
054896
054926
054946
054949
055217
055223
055304
055355
055392
055395
055419
055612
055945
055974
056400
056444
056451
056538
056642
056682
056715
056720
056735
056810
056857
057196
057223
057320
057488
057731
057811
057995
057997
058203
058236
058239
058384
058391
058520
058523
058550
058597
058645
058662
058738
058799
059130
059269
059284
059308
059521
059533
059536
059579
059775
059873
059948
060063
060181
060250
060312
060383
060412
060562
060568
060574
060751
060861
060891
060964
061012
061063
061169
061181
061375
061480
061604
061664
061701
061903
061916
062053
062065
062118
062141
062143
062198
062228
062596
062724
062767
062800
062912
062972
063034
063125
063171
063180
063258
063504
063580
063946
064206
064241
064276
064324
064408
064442
064468
064544
064689
064902
064925
065040
065042
065082
065195
065210
065380
065400
