000020
000130
000261
000281
000352
000485
000571
000574
000647
000732
000750
000751
000952
000965
001057
001075
001082
001167
001242
001275
001390
001399
001481
001801
001864
001970
002094
002132
002156
002225
002298
002559
002678
002692
002723
002796
002896
002908
002926
002997
003019
003035
003049
003126
003165
003168
003330
003453
003476
003552
003614
003645
003646
003672
003756
003847
003971
004177
004248
004367
004417
004520
004726
004786
004849
004875
004886
005117
005176
005213
005217
005377
005499
005506
005527
005536
005599
005716
005794
005955
006014
006041
006071
006103
006175
006254
006325
006332
006411
006421
006648
006813
006814
006888
007211
007281
007289
007374
007446
007492
007507
007546
007573
007613
007754
007802
007827
007857
008042
008098
008174
008190
008206
008320
008718
008861
009232
009315
009479
009581
009588
009761
009772
009827
009845
009979
010113
010136
010154
010180
010188
010192
010209
010217
010259
010284
010292
010406
010413
010508
010548
010607
010743
010784
010790
010809
010864
010948
010967
011024
011058
011323
011328
011350
011450
011459
011510
011740
011785
011885
011915
012197
012476
012574
012591
012765
012820
012863
012969
013096
013143
013597
013613
013692
013795
013964
014060
014066
014162
014244
014252
014292
014310
014366
014574
014590
014609
014637
014687
014768
014785
014860
015102
015184
015222
015229
015280
015351
015372
015375
015542
015590
015595
015618
015661
015707
015755
015852
015883
015885
015888
016012
016101
016161
016185
016204
016230
016388
016417
016428
016488
016701
016712
016713
016963
017070
017114
017121
017165
017227
017291
017346
017413
017562
017582
017615
017709
017795
017841
017883
017936
018008
018013
018076
018095
018141
018164
018180
018410
018509
018510
018666
018686
018992
019025
019050
019072
019178
019206
019385
019445
019487
019521
019567
019577
019591
019677
019783
019820
019832
019861
019916
019918
020044
020099
020111
020131
020161
020190
020240
020296
020297
020329
020332
020415
020812
020920
020948
021018
021045
021094
021102
021153
021280
021299
021366
021510
021540
021586
021620
021676
021732
021890
022054
022103
022120
022140
022153
022256
022282
022352
022451
022484
022523
022551
022569
022700
022828
022858
022865
022965
022967
023027
023142
023337
023478
023568
023612
023666
023695
023829
023996
024110
024162
024189
024237
024439
024488
024708
024820
024836
024844
024905
024925
024932
024985
025025
025045
025055
025104
025324
025408
025420
025458
025478
025548
025557
025593
025643
025679
025758
025764
025804
026158
026174
026222
026262
026315
026384
026432
026452
026515
026676
026691
026697
026745
026786
026801
026881
027115
027165
027338
027340
027394
027410
027415
027442
027452
027758
027825
028043
028116
028121
028205
028238
028342
028401
028548
028593
028622
028723
028857
029046
029067
029230
029244
029377
029450
029473
029485
029512
029532
029561
029601
029732
029809
029918
029938
029957
029974
029996
030154
030170
030261
030309
030310
030416
030419
030503
030509
030666
030702
030719
030726
030805
030877
030899
031019
031190
031203
031490
031943
032009
032028
032114
032162
032177
032277
032285
032315
032373
032377
032392
032463
032515
032968
033185
033187
033506
033522
033564
033720
033761
033859
034267
034295
034320
034366
034370
034532
034551
034607
034621
034693
034779
034982
035005
035063
035136
035207
035439
035453
035464
035481
035537
035627
035641
035762
036173
036239
036394
036478
036544
036593
036623
036695
036773
036890
037095
037134
037262
037427
037544
037583
037703
037850
037928
038128
038129
038162
038170
038294
038343
038444
038559
038577
038839
038912
038925
038960
039061
039087
039102
039106
039109
039426
039433
039579
039620
039768
039920
039921
039941
040007
040274
040311
040338
040414
040418
040473
040564
040736
040750
040793
040813
040886
040983
041005
041100
041106
041112
041137
041375
041388
041434
041445
041603
041665
041712
041876
041959
041977
042036
042048
042057
042108
042159
042279
042398
042505
042546
042621
042672
042776
043037
043054
043073
043112
043186
043232
043244
043472
043562
043606
043650
043669
043735
043737
043816
043873
043900
043919
044049
044062
044104
044215
044329
044408
044445
044449
044461
044511
044518
044523
044542
044577
044587
044626
044691
044758
044854
044902
044967
044992
045019
045066
045152
045199
045226
045302
045320
045435
045604
045650
045651
045658
045746
045797
045799
045862
045878
045885
045893
046001
046025
046044
046073
046093
046134
046247
046254
046452
046472
046760
046971
047005
047201
047359
047377
047541
047677
047700
047971
048016
048038
048260
048271
048295
048358
048377
048433
048449
048463
048555
048713
049163
049259
049294
049556
049676
049724
049810
049913
049915
049927
049947
049965
050016
050120
050230
050237
050304
050499
050501
050515
050785
050794
050830
050849
051327
051362
051478
051525
051608
051702
051795
051815
051880
051951
052093
052149
052173
052254
052359
052398
052410
052497
052594
052637
052640
052648
052696
052728
052753
052758
052839
052847
052905
053090
053248
053258
053379
053461
053480
053500
053553
053780
053958
054119
054201
054236
054263
054360
054424
054530
054537
054644
054686
054689
054719
054758
054926
054946
055013
055053
055223
055304
055332
055377
055415
055419
055420
055504
055520
055544
055762
055854
055946
055992
055997
056032
056224
056314
056715
056720
056735
056810
056857
056917
056918
057223
057320
057542
057731
057811
057841
057907
057995
057997
058116
058147
058283
058391
058416
058513
058520
058550
058597
058645
058662
058799
059035
059269
059280
059284
059465
059533
059536
059579
059625
059709
059775
059948
060000
060068
060191
060228
060250
060312
060383
060479
060552
060839
060861
060964
060978
060982
061063
061118
061404
061480
061604
061614
061701
061723
061916
062049
062065
062118
062141
062143
062204
062225
062354
062375
062596
062800
062880
063034
063171
063180
063316
063385
063411
063455
063580
063650
063715
063759
064123
064154
064276
064442
064468
064544
064577
064688
064689
064756
064758
064939
064955
064967
065040
065210
065380
065400
065419
