000020
000069
000110
000236
000261
000281
000289
000407
000574
000647
000662
000750
000751
000877
000965
001087
001242
001736
001816
001912
001954
001970
002132
002156
002163
002241
002419
002551
002559
002603
002628
002692
002723
002796
002896
002926
002997
003019
003035
003165
003168
003330
003672
003803
003847
003971
004248
004301
004417
004656
004694
004726
004747
004846
004849
004875
004886
004922
005123
005129
005213
005217
005440
005499
005527
005701
005888
006014
006015
006071
006103
006175
006254
006325
006398
006421
006813
006814
006850
006883
006970
007109
007188
007211
007374
007446
007492
007531
007613
007836
007857
008098
008206
008593
008718
008861
009163
009294
009295
009332
009581
009588
009684
009979
010113
010154
010192
010259
010292
010406
010508
010607
010637
010743
010784
010790
010948
011024
011095
011193
011396
011450
011664
011885
012158
012238
012457
012653
012765
012969
013096
013119
013170
013597
013613
013692
013964
014006
014060
014066
014310
014366
014574
014590
014609
014647
014687
014726
014785
014860
014995
015102
015184
015283
015325
015375
015464
015542
015595
015661
015755
015852
015883
015885
016012
016161
016204
016230
016388
016417
016583
016701
016735
016787
016878
016963
017121
017227
017237
017317
017413
017615
017709
017721
017795
017936
017948
017969
018013
018180
018410
018510
019072
019178
019206
019445
019567
019577
019618
019677
019732
019916
019918
020099
020111
020131
020240
020297
020332
020384
020718
020895
020948
021018
021094
021102
021280
021366
021510
021586
021620
021676
021732
021890
021919
022054
022103
022120
022140
022190
022282
022288
022451
022523
022581
022700
022796
022858
022865
022965
023027
023076
023142
023612
023652
023666
023726
024083
024110
024129
024237
024242
024309
024488
024512
024660
024836
024905
024925
024932
025055
025096
025104
025207
025365
025408
025478
025655
025659
025679
025804
025981
026262
026676
026764
026801
026966
027115
027127
027337
027338
027373
027394
027415
027758
028064
028095
028147
028238
028310
028342
028401
028470
028497
028548
028622
028723
028793
028849
028850
028905
029106
029183
029218
029230
029450
029485
029561
029805
029809
029825
029938
029957
029974
030220
030503
030536
030666
030700
030703
030726
030805
031019
031190
031203
031943
032009
032028
032064
032128
032162
032268
032271
032285
032377
032392
032437
032846
032924
033164
033176
033328
033426
033691
033698
033720
033761
033847
033859
034267
034295
034320
034348
034370
034607
034621
034693
034779
035005
035063
035136
035207
035439
035453
035481
035537
035762
035884
035904
036173
036239
036364
036394
036402
036478
036504
036593
036875
037238
037410
037516
037575
037703
037850
037928
038075
038128
038170
038328
038343
038440
038559
038710
038777
038912
038913
039061
039087
039106
039109
039394
039426
039433
039459
039606
039620
039908
040114
040167
040274
040413
040470
040473
040564
040716
040813
040983
041005
041112
041137
041375
041388
041445
041504
041602
041712
042048
042057
042279
042287
042323
042398
042400
042546
042595
042821
042826
042873
042949
043054
043112
043232
043244
043472
043562
043606
043735
043737
043900
043919
044104
044186
044449
044511
044518
044523
044542
044577
044587
044626
044691
044779
044854
044902
044992
045019
045066
045108
045152
045199
045226
045320
045491
045604
045797
045811
045862
046001
046057
046073
046247
046252
046254
046403
046733
046760
046809
046864
046904
046971
047005
047201
047317
047359
047377
047537
047541
047577
047667
048016
048377
048555
048835
049163
049259
049294
049395
049724
049778
049810
049912
049915
049924
049927
049947
049965
050016
050237
050304
050309
050499
050501
050699
050794
050910
050970
051191
051211
051273
051295
051362
051478
051525
051702
051768
051815
051880
052093
052149
052173
052254
052320
052398
052410
052490
052497
052640
052648
052696
052839
052847
053090
053099
053393
053461
053480
053500
053553
053674
054141
054236
054263
054421
054530
054644
054648
054679
054686
054719
054758
054946
055013
055137
055304
055332
055377
055391
055415
055419
055472
055544
055854
056032
056224
056230
056314
056317
056715
056720
056810
056857
057320
057488
057692
057699
057731
057811
057995
057997
058177
058302
058391
058416
058513
058550
058597
058645
058662
058776
058941
059130
059201
059521
059536
059579
059709
059775
059884
059948
060147
060250
060312
060383
060479
060568
060637
060861
060964
061012
061448
061480
061604
061701
061738
061916
062049
062065
062118
062121
062141
062143
062351
062461
062482
062596
062653
062800
062880
063034
063171
063180
063429
063550
063580
063759
063780
063794
064204
064241
064276
064366
064408
064468
064498
064577
064581
064685
064689
065059
065210
065336
065380
065400
065406
