000020
000261
000281
000352
000485
000500
000574
000647
000750
000751
000859
000965
001167
001242
001275
001970
002132
002225
002559
002692
002796
002893
002896
002928
002997
003019
003035
003068
003148
003165
003168
003330
003425
003645
003847
004177
004367
004417
004627
004837
004862
004875
005117
005118
005155
005176
005213
005217
005271
005527
005536
005716
006014
006103
006175
006254
006332
006398
006411
006418
006814
007091
007183
007211
007281
007446
007492
007507
007754
007827
007857
007895
008174
008190
008206
008320
008718
009479
009581
009979
010113
010136
010192
010209
010259
010292
010406
010508
010700
010784
010790
010843
010864
010967
011323
011450
011696
011757
011885
012155
012476
012863
013040
013086
013597
013613
013692
013795
013964
014060
014066
014244
014310
014366
014574
014590
014609
014637
014860
015024
015053
015102
015184
015203
015229
015280
015351
015372
015542
015595
015661
015707
015755
015852
015883
015885
015980
016012
016171
016204
016230
016417
016488
016575
016600
016701
016852
016963
017083
017114
017121
017165
017346
017557
017562
017615
017782
017795
017841
017883
018013
018076
018095
018141
018164
018180
018410
018622
018764
019445
019577
019677
019798
019916
019918
020044
020099
020111
020131
020240
020297
020332
020812
020948
020964
021018
021045
021102
021153
021280
021366
021420
021676
021835
021890
022054
022103
022140
022282
022451
022523
022551
022700
022858
022865
022889
022965
023027
023142
023478
023612
023666
023837
024237
024488
024820
024836
024905
024925
025055
025104
025324
025408
025420
025478
025679
025764
026222
026384
026676
026745
026786
026801
027340
027387
027394
027410
027452
027758
028342
028401
028548
028593
028857
029067
029230
029235
029244
029450
029473
029485
029512
029548
029561
029809
029918
029929
029938
029957
029974
030170
030261
030310
030491
030503
030561
030610
030726
030805
030841
030899
031019
031437
031490
031943
032009
032162
032215
032377
032392
032515
032661
033506
033720
033761
033859
034422
034551
034607
034621
034693
034779
034982
034990
035005
035063
035136
035207
035360
035439
035453
035481
035537
035762
035848
036394
036478
036533
036593
036695
036773
037134
037703
037779
037850
038128
038371
038795
038839
038892
038960
039048
039087
039106
039285
039426
039620
040007
040274
040311
040418
040473
040564
040698
040708
040750
040813
040983
041005
041112
041375
041445
041665
041712
041959
042036
042048
042057
042279
042546
042776
043112
043244
043514
043562
043606
043735
043737
043900
043919
044062
044104
044329
044422
044434
044449
044511
044523
044542
044577
044587
044626
044854
044902
045066
045199
045226
045302
045305
045320
045604
045797
045862
046001
046044
046093
046247
046254
046472
046654
046760
047005
047201
047233
047377
047522
047541
047677
047982
048016
048260
048358
048377
048433
048693
049120
049294
049556
049589
049654
049810
049927
049965
050304
050501
050794
051362
051525
051702
051815
051880
052093
052149
052320
052398
052410
052497
052626
052640
052728
052758
052839
052847
052871
053090
053159
053379
053480
053500
053531
053958
054201
054236
054263
054403
054644
054719
054738
054758
054926
054946
055223
055304
055419
055544
055757
055762
055854
055992
056715
056720
056735
056810
056857
057223
057320
057731
057811
057841
057907
057995
057997
058287
058391
058550
058597
058662
058751
058799
058867
059130
059162
059269
059284
059521
059533
059536
059948
060250
060312
060383
060385
060861
060863
060964
061027
061063
061118
061480
061500
061604
061664
061701
061916
062118
062141
062143
062338
062596
062948
063034
063125
063171
063180
063580
063650
064154
064276
064442
064468
064544
064689
064955
065040
065210
065380
065400
065513
