000001
000054
000105
000131
000155
000222
000225
000246
000261
000281
000289
000352
000407
000415
000441
000460
000481
000488
000574
000608
000626
000647
000650
000659
000662
000750
000751
000782
000793
000842
000858
000877
000878
000892
000917
000965
000972
001027
001036
001087
001184
001188
001214
001242
001275
001324
001328
001333
001361
001362
001367
001378
001386
001524
001530
001640
001645
001658
001706
001708
001736
001816
001848
001853
001918
001954
001970
002066
002068
002132
002156
002163
002284
002298
002323
002329
002355
002357
002379
002390
002419
002481
002510
002551
002559
002603
002655
002723
002796
002807
002809
002850
002896
002947
002956
002975
002988
003019
003035
003042
003049
003066
003068
003091
003096
003133
003135
003165
003168
003225
003274
003330
003387
003428
003525
003609
003623
003645
003669
003672
003689
003803
003836
003847
003864
003869
003887
003920
003932
003939
003971
004003
004029
004054
004056
004062
004071
004078
004117
004177
004221
004248
004261
004367
004406
004417
004438
004564
004674
004689
004694
004726
004737
004747
004763
004793
004804
004835
004839
004846
004870
004886
004916
004922
004924
004990
005058
005085
005123
005129
005176
005213
005214
005217
005221
005274
005300
005308
005328
005371
005440
005490
005499
005502
005503
005527
005536
005548
005567
005639
005678
005721
005752
005755
005765
005799
005806
005848
005888
005902
005940
005947
005984
006014
006015
006021
006070
006071
006084
006085
006090
006103
006175
006235
006254
006325
006332
006341
006365
006380
006397
006411
006421
006434
006592
006609
006644
006648
006814
006850
006883
006923
006961
006970
006981
006986
006988
007019
007139
007160
007188
007233
007279
007374
007446
007613
007625
007671
007685
007721
007754
007762
007776
007823
007827
007836
007857
007863
007874
007899
008001
008022
008111
008127
008155
008174
008177
008206
008231
008279
008320
008370
008404
008456
008492
008515
008520
008526
008537
008562
008593
008623
008680
008684
008689
008718
008753
008758
008825
008861
008884
008938
008998
009057
009071
009094
009202
009226
009268
009271
009294
009295
009332
009387
009479
009505
009511
009572
009573
009589
009613
009655
009681
009690
009694
009745
009761
009821
009911
009921
009964
009979
009981
009994
010113
010120
010154
010192
010209
010216
010242
010254
010259
010292
010356
010370
010406
010424
010498
010548
010589
010592
010606
010607
010612
010637
010784
010790
010805
010834
010864
010872
010916
010919
010938
010946
010948
010967
010974
011024
011071
011082
011095
011167
011194
011213
011241
011249
011270
011274
011287
011312
011323
011350
011365
011369
011376
011396
011398
011450
011549
011564
011577
011643
011664
011735
011736
011745
011755
011779
011784
011861
011879
011885
011912
011933
012030
012032
012045
012063
012097
012120
012123
012150
012158
012180
012228
012238
012250
012252
012259
012266
012269
012277
012316
012321
012343
012372
012381
012405
012476
012520
012629
012653
012665
012741
012760
012765
012802
012844
012846
012898
012934
012969
012988
013008
013027
013050
013070
013096
013153
013164
013170
013180
013204
013237
013284
013467
013529
013567
013597
013612
013613
013643
013649
013692
013693
013736
013741
013770
013778
013780
013790
013868
013944
014000
014006
014058
014060
014061
014066
014233
014244
014252
014272
014278
014310
014313
014366
014412
014415
014461
014483
014574
014576
014590
014609
014637
014726
014740
014785
014797
014827
014860
014886
014912
014972
014995
015042
015051
015055
015071
015102
015112
015170
015178
015184
015188
015227
015229
015283
015325
015330
015375
015380
015436
015464
015465
015471
015491
015508
015542
015551
015579
015595
015619
015661
015673
015704
015707
015711
015714
015755
015785
015788
015810
015852
015883
015885
015906
015907
015922
015923
015928
015984
015994
016012
016042
016057
016084
016088
016161
016204
016230
016286
016375
016378
016384
016388
016413
016417
016452
016503
016507
016515
016516
016551
016554
016576
016583
016594
016614
016648
016669
016701
016712
016727
016735
016738
016787
016828
016863
016878
016916
016920
016924
016963
016978
017023
017100
017114
017121
017143
017165
017170
017179
017180
017189
017237
017243
017248
017265
017271
017337
017346
017348
017369
017413
017419
017489
017510
017531
017562
017582
017589
017615
017617
017706
017709
017716
017721
017734
017745
017762
017791
017795
017824
017841
017872
017903
017935
017936
017948
017952
017969
017984
018012
018013
018014
018033
018076
018112
018164
018174
018180
018191
018219
018249
018279
018338
018344
018365
018410
018458
018471
018510
018575
018617
018716
018737
018799
018841
018866
018883
019013
019024
019072
019088
019093
019152
019178
019222
019337
019379
019432
019445
019481
019567
019577
019610
019618
019665
019677
019686
019767
019785
019797
019800
019804
019815
019841
019916
019918
019920
019921
019944
019946
019990
020011
020044
020058
020073
020092
020099
020109
020111
020131
020134
020172
020190
020195
020292
020296
020297
020306
020332
020365
020383
020384
020395
020399
020454
020455
020572
020602
020631
020688
020718
020757
020812
020894
020919
020947
020948
020979
021018
021043
021094
021102
021109
021116
021153
021202
021211
021288
021361
021386
021389
021404
021586
021607
021620
021651
021660
021676
021689
021755
021877
021886
021890
021901
021958
022022
022054
022103
022140
022153
022198
022220
022224
022262
022282
022288
022297
022378
022379
022398
022401
022418
022447
022451
022472
022503
022523
022537
022550
022551
022560
022581
022593
022596
022607
022679
022700
022725
022750
022786
022787
022789
022796
022835
022848
022858
022865
022935
022955
022965
022967
023027
023048
023065
023076
023142
023157
023178
023193
023256
023258
023334
023354
023405
023430
023478
023522
023539
023576
023663
023666
023695
023726
023766
023804
023909
023952
024055
024057
024109
024110
024129
024145
024189
024214
024237
024242
024301
024309
024311
024339
024365
024488
024496
024512
024533
024600
024721
024732
024820
024824
024836
024839
024842
024878
024899
024901
024905
024925
024932
025002
025009
025044
025045
025055
025096
025104
025141
025188
025207
025230
025243
025270
025324
025365
025369
025391
025408
025478
025511
025524
025535
025590
025626
025637
025655
025679
025753
025758
025762
025763
025804
025808
025825
025832
025838
025865
025924
025955
025959
026024
026026
026041
026133
026168
026220
026222
026262
026264
026271
026303
026417
026432
026472
026489
026503
026559
026562
026567
026617
026676
026697
026716
026745
026786
026791
026801
026826
026860
026895
026943
027007
027019
027115
027127
027140
027225
027263
027310
027319
027337
027338
027340
027373
027375
027394
027397
027430
027435
027444
027477
027547
027574
027606
027670
027680
027682
027727
027758
027778
027812
027962
027965
027999
028016
028020
028053
028085
028095
028105
028115
028117
028147
028225
028238
028242
028247
028287
028309
028310
028320
028342
028401
028402
028425
028462
028470
028497
028498
028507
028547
028548
028567
028593
028604
028622
028631
028644
028650
028672
028674
028747
028773
028793
028836
028838
028849
028850
028857
028860
028877
028905
028909
028916
028929
028938
028973
028980
028998
029025
029040
029067
029095
029183
029203
029218
029230
029237
029244
029266
029439
029450
029473
029474
029512
029514
029530
029544
029561
029562
029676
029677
029732
029800
029805
029809
029825
029862
029918
029938
029957
029970
029974
030033
030061
030063
030113
030170
030172
030213
030220
030310
030324
030364
030378
030483
030498
030503
030518
030536
030546
030642
030653
030666
030700
030703
030720
030726
030733
030742
030805
030854
030921
031019
031052
031154
031190
031245
031258
031285
031338
031399
031400
031443
031596
031630
031689
031715
031724
031754
031908
031918
031969
031983
032009
032019
032022
032028
032062
032064
032072
032074
032078
032100
032114
032128
032137
032143
032162
032209
032221
032232
032233
032263
032268
032271
032285
032321
032368
032377
032392
032405
032408
032415
032423
032437
032475
032486
032497
032515
032535
032590
032602
032610
032612
032696
032744
032787
032813
032827
032844
032924
032934
032942
032965
032974
032975
032980
032996
033150
033161
033162
033164
033176
033224
033253
033272
033278
033309
033318
033328
033384
033387
033395
033427
033491
033493
033506
033560
033591
033671
033672
033691
033698
033720
033733
033748
033750
033761
033805
033807
033842
033847
033850
033928
033945
033974
034050
034067
034070
034075
034089
034141
034146
034150
034152
034183
034290
034293
034295
034320
034348
034369
034370
034375
034382
034433
034527
034551
034583
034607
034621
034629
034643
034675
034776
034779
034888
034910
034925
034954
034956
034970
034982
035005
035063
035067
035071
035086
035099
035114
035126
035136
035203
035207
035216
035324
035342
035346
035358
035367
035369
035397
035439
035444
035453
035481
035482
035499
035507
035537
035593
035603
035640
035655
035753
035762
035777
035785
035800
035802
035804
035884
035931
035961
035963
035990
035994
036004
036063
036173
036189
036239
036274
036283
036284
036291
036331
036364
036394
036400
036402
036418
036478
036504
036541
036547
036574
036598
036601
036623
036675
036731
036738
036773
036824
036875
036934
036943
036944
036969
036980
036998
037001
037006
037090
037127
037134
037155
037201
037238
037395
037405
037410
037436
037449
037455
037457
037491
037516
037575
037593
037630
037636
037681
037694
037703
037771
037850
037891
037925
037928
037937
038001
038040
038075
038128
038170
038224
038271
038328
038336
038440
038525
038549
038559
038562
038609
038628
038654
038710
038726
038744
038763
038864
038895
038906
038912
038925
038960
038970
038983
038986
038987
038991
039025
039048
039065
039087
039106
039109
039383
039390
039416
039426
039459
039464
039597
039606
039614
039620
039625
039645
039647
039689
039745
039782
039835
039861
039872
039902
039908
039971
039986
039995
040030
040057
040062
040072
040114
040167
040169
040268
040274
040283
040311
040312
040349
040353
040360
040376
040379
040381
040413
040440
040470
040473
040480
040534
040564
040565
040583
040620
040646
040716
040731
040750
040755
040762
040786
040795
040817
040830
040883
040914
040948
040949
040958
041005
041012
041034
041112
041137
041195
041205
041225
041257
041271
041276
041375
041380
041388
041445
041478
041487
041504
041520
041539
041569
041602
041636
041665
041693
041709
041712
041745
041753
041772
041779
041820
041904
041942
042019
042048
042051
042057
042085
042186
042187
042207
042233
042265
042279
042285
042287
042290
042323
042378
042394
042398
042400
042420
042490
042514
042546
042599
042635
042682
042693
042703
042746
042753
042776
042779
042782
042798
042810
042821
042826
042834
042849
042873
042881
042898
042923
042939
042949
042955
043004
043096
043112
043138
043171
043181
043232
043244
043268
043287
043303
043392
043397
043445
043453
043463
043472
043484
043562
043606
043613
043650
043670
043673
043720
043735
043737
043744
043797
043816
043820
043857
043859
043887
043888
043900
043904
043919
043968
044043
044055
044096
044104
044186
044192
044299
044325
044353
044391
044449
044502
044511
044518
044523
044542
044544
044577
044580
044582
044587
044614
044615
044622
044626
044671
044684
044691
044735
044779
044797
044811
044854
044859
044902
044920
044963
044992
045003
045019
045066
045108
045152
045199
045224
045226
045287
045320
045403
045435
045473
045494
045511
045543
045578
045580
045604
045614
045634
045666
045746
045766
045797
045811
045853
045862
045898
045959
046001
046055
046072
046073
046130
046155
046170
046210
046243
046247
046252
046281
046289
046396
046403
046436
046452
046456
046472
046576
046733
046760
046809
046845
046864
046888
046904
046905
046943
046964
046970
046971
046990
047005
047021
047054
047081
047179
047180
047201
047228
047264
047297
047317
047336
047353
047359
047362
047363
047377
047438
047468
047504
047525
047536
047537
047561
047577
047590
047602
047621
047671
047680
047681
047687
047691
047778
047781
047849
047874
047928
047945
047971
048004
048013
048016
048031
048061
048100
048156
048159
048196
048206
048246
048260
048263
048319
048326
048377
048402
048412
048433
048498
048499
048501
048536
048555
048580
048660
048675
048732
048748
048766
048770
048773
048810
048835
048836
048973
049005
049016
049038
049051
049108
049133
049149
049154
049155
049163
049167
049198
049259
049278
049288
049294
049300
049332
049355
049395
049417
049421
049438
049439
049465
049578
049644
049680
049758
049778
049794
049799
049810
049822
049830
049891
049912
049922
049927
049947
049965
049991
050000
050014
050016
050017
050054
050136
050162
050178
050215
050217
050222
050237
050238
050281
050309
050390
050457
050463
050497
050499
050501
050528
050573
050647
050699
050780
050794
050795
050817
050845
050860
050867
050910
050935
050970
050997
051014
051047
051056
051081
051124
051132
051191
051195
051204
051211
051223
051225
051243
051250
051263
051273
051295
051297
051336
051358
051362
051407
051416
051467
051478
051503
051598
051608
051622
051629
051702
051716
051729
051758
051768
051815
051842
051880
051901
051936
052093
052149
052173
052244
052254
052320
052325
052371
052398
052410
052490
052497
052604
052637
052640
052641
052648
052655
052696
052728
052730
052737
052758
052805
052825
052839
052847
052895
052923
052932
052947
053046
053077
053090
053099
053113
053154
053193
053234
053239
053244
053260
053327
053376
053379
053393
053429
053461
053470
053480
053500
053552
053553
053582
053611
053618
053640
053668
053674
053705
053780
053789
053876
053950
053958
054053
054084
054088
054100
054115
054139
054141
054187
054201
054222
054236
054263
054267
054332
054336
054369
054383
054421
054429
054430
054458
054472
054520
054530
054618
054644
054648
054651
054655
054679
054686
054705
054719
054744
054748
054758
054775
054884
054896
054926
054946
055013
055068
055101
055137
055217
055220
055223
055304
055336
055347
055350
055355
055356
055377
055384
055391
055409
055417
055419
055435
055452
055470
055504
055524
055559
055611
055612
055624
055635
055709
055760
055778
055830
055879
055886
055888
055921
055930
055957
055974
056032
056095
056154
056156
056176
056183
056224
056228
056314
056317
056343
056349
056402
056485
056490
056491
056538
056540
056558
056560
056642
056667
056678
056686
056720
056735
056743
056769
056810
056814
056857
057039
057047
057054
057087
057127
057152
057196
057212
057213
057280
057320
057488
057614
057679
057692
057694
057699
057731
057811
057900
057922
057950
057963
057995
057997
058001
058010
058011
058046
058103
058146
058175
058177
058233
058302
058304
058314
058341
058384
058416
058497
058515
058520
058523
058550
058572
058597
058645
058662
058776
058799
058859
058867
058941
058974
059055
059129
059130
059171
059201
059247
059255
059269
059284
059301
059308
059386
059409
059465
059521
059535
059536
059663
059673
059688
059698
059709
059727
059758
059823
059844
059884
059907
059948
059993
060030
060063
060132
060146
060147
060181
060191
060210
060214
060233
060250
060251
060312
060362
060377
060382
060383
060431
060477
060479
060494
060499
060568
060576
060580
060587
060614
060650
060664
060741
060751
060797
060861
060877
060891
060941
060964
060981
060982
061012
061029
061054
061106
061112
061118
061124
061154
061224
061227
061302
061337
061352
061373
061375
061395
061404
061433
061479
061480
061514
061551
061607
061674
061701
061738
061830
061900
061917
062024
062049
062068
062074
062118
062121
062139
062141
062143
062188
062191
062198
062228
062278
062351
062361
062374
062461
062482
062619
062622
062633
062653
062739
062767
062778
062793
062802
062862
062880
062922
062968
063010
063028
063034
063052
063120
063136
063163
063171
063180
063230
063288
063297
063305
063309
063311
063348
063379
063429
063443
063447
063458
063550
063580
063584
063587
063604
063608
063625
063626
063630
063640
063644
063724
063738
063759
063763
063780
063794
063848
063890
063897
063929
063940
063946
064006
064032
064071
064074
064113
064135
064190
064204
064222
064241
064276
064330
064343
064366
064391
064408
064464
064468
064525
064544
064577
064605
064610
064631
064653
064662
064685
064688
064689
064712
064818
064892
064902
064925
064928
064976
064989
065040
065042
065059
065134
065136
065189
065195
065210
065292
065299
065333
065336
065380
065400
