000130
000236
000261
000281
000574
000647
000751
000965
001242
001970
002132
002156
002559
002796
002896
002926
002987
002997
003019
003035
003165
003168
003672
004417
004726
004886
005213
005217
005499
005794
006014
006041
006103
006175
006254
006813
006814
007211
007446
007802
008206
008718
009581
009588
009772
009827
009845
009979
010113
010180
010188
010192
010259
010292
010406
010607
010784
010790
011885
012197
013597
013692
013696
013964
014060
014066
014310
014366
014590
014609
014647
014860
015102
015184
015375
015542
015595
015618
015661
015755
015852
015885
016012
016101
016161
016204
016230
016388
016417
016701
016963
017121
017136
017413
017615
017795
018013
018180
018410
018992
019072
019178
019385
019577
019677
019783
019916
019918
020099
020111
020131
020161
020240
020297
020332
020948
021018
021102
021280
021510
021676
021689
021732
021890
022054
022103
022120
022140
022282
022451
022484
022523
022700
022858
022965
023027
023612
023666
024488
024836
024905
024925
024932
025055
025104
025408
025478
025548
025679
025804
026676
026691
026801
027394
028342
028401
028548
028723
029230
029561
029809
029938
029974
030094
030503
030509
030666
030805
031019
031943
032009
032285
032373
032377
032392
033720
033761
033859
034295
034607
034621
034779
035005
035063
035136
035207
035439
035453
035481
035537
035762
036239
036394
036478
036504
036593
037703
037850
037928
038128
038444
039087
039102
039106
039426
039433
039620
040338
040473
040564
040793
041005
041012
041137
041368
041375
041712
042057
042398
042546
042595
043054
043112
043244
043562
043606
043735
043737
043873
043900
043904
043919
044449
044511
044523
044577
044587
044626
044758
044854
044902
045019
045066
045199
045226
045320
045491
045797
045799
045862
046001
046247
046254
046760
047005
047201
047359
047377
047541
047971
048016
048377
049810
049913
049927
049965
050230
050501
050794
051362
051702
051815
051880
051951
052093
052149
052398
052497
052640
052839
052847
053090
053480
053500
054236
054263
054644
054946
055304
055415
055419
055544
055854
056720
056810
056857
057320
057731
057995
057997
058513
058520
058550
058597
058662
059218
059536
059709
059948
060250
060312
060383
060861
061106
061480
061916
062049
062118
062141
062143
063034
063171
063455
063580
064276
064468
064577
064689
065210
065380
065400
