000020
000130
000236
000261
000281
000352
000571
000574
000647
000750
000751
000757
000965
001082
001242
001324
001399
001481
001491
001970
002004
002124
002132
002156
002559
002678
002692
002723
002796
002896
002926
002997
003019
003027
003035
003126
003165
003168
003330
003453
003476
003552
003645
003672
003756
003847
003971
004028
004248
004258
004367
004417
004726
004849
004875
004886
005176
005213
005217
005347
005499
005506
005527
005536
005794
005955
006014
006041
006071
006103
006175
006254
006325
006332
006411
006421
006610
006813
006814
006851
007109
007211
007289
007374
007446
007492
007546
007802
007827
007857
008098
008174
008206
008320
008718
008861
009163
009311
009315
009479
009581
009588
009761
009772
009827
009979
010113
010154
010188
010192
010209
010217
010259
010284
010292
010307
010406
010508
010548
010607
010743
010784
010790
010809
010864
010948
011024
011058
011323
011328
011450
011459
011502
011664
011885
012197
012591
012765
012820
012969
013096
013143
013229
013597
013599
013613
013692
013791
013795
013964
014060
014066
014162
014244
014252
014290
014292
014310
014366
014574
014590
014609
014637
014647
014687
014768
014785
014860
015102
015184
015222
015229
015375
015542
015590
015595
015618
015661
015755
015852
015883
015885
015888
015980
016012
016101
016161
016185
016204
016230
016388
016417
016701
016713
016963
017121
017165
017227
017346
017615
017709
017795
017841
017936
018008
018013
018076
018141
018164
018180
018410
018509
018510
018615
018992
019025
019072
019178
019445
019487
019567
019577
019677
019783
019820
019832
019861
019916
019918
020044
020099
020111
020131
020161
020190
020240
020297
020324
020332
020920
020948
021018
021094
021102
021153
021280
021296
021299
021366
021510
021586
021620
021676
021689
021732
021890
022054
022103
022120
022140
022153
022256
022282
022451
022484
022523
022700
022716
022828
022858
022865
022965
023008
023027
023142
023286
023478
023568
023612
023666
023695
023829
023996
024110
024162
024237
024439
024488
024708
024820
024836
024844
024905
024925
024931
024932
025025
025045
025055
025104
025408
025478
025548
025557
025593
025679
025692
025758
025804
025815
026060
026174
026222
026262
026315
026432
026676
026691
026697
026745
026786
026801
026865
026881
027115
027338
027340
027394
027415
027442
027758
027825
027904
028043
028116
028121
028238
028342
028401
028548
028622
028723
028857
029067
029176
029230
029450
029485
029512
029561
029601
029626
029732
029809
029918
029938
029957
029974
029996
030154
030170
030309
030310
030419
030464
030503
030509
030702
030719
030726
030805
031019
031190
031203
031943
032004
032009
032028
032162
032271
032277
032315
032373
032377
032392
032515
032924
033187
033506
033522
033720
033761
033766
033859
034079
034267
034295
034320
034366
034370
034532
034551
034607
034621
034693
034779
035005
035014
035039
035063
035136
035207
035439
035453
035464
035481
035537
035762
036173
036239
036309
036348
036394
036478
036504
036544
036593
036623
036890
037038
037134
037427
037516
037544
037703
037850
037928
038128
038129
038170
038328
038343
038444
038559
038577
038925
038960
039061
039087
039102
039106
039109
039218
039426
039433
039579
039620
039661
039768
039920
039921
040168
040274
040311
040320
040338
040414
040473
040564
040750
040793
040813
040886
040983
041005
041012
041100
041112
041137
041375
041388
041434
041445
041665
041712
041825
041876
041901
041977
042048
042057
042108
042159
042279
042398
042467
042546
042595
042672
042776
043054
043112
043186
043232
043244
043302
043445
043472
043562
043606
043669
043735
043737
043816
043873
043900
043904
043919
044408
044449
044461
044511
044518
044523
044542
044577
044587
044626
044691
044758
044854
044902
044992
045019
045066
045146
045152
045199
045226
045320
045491
045604
045650
045651
045658
045746
045797
045799
045844
045862
045885
045919
046001
046025
046073
046134
046247
046254
046452
046472
046760
046971
047005
047201
047318
047359
047377
047541
047542
047971
048016
048260
048295
048377
048433
048555
048713
048725
049163
049246
049259
049294
049556
049724
049810
049913
049915
049927
049947
049965
050016
050230
050237
050304
050499
050501
050578
050794
050830
050849
051327
051362
051375
051478
051525
051702
051795
051815
051880
051951
052093
052149
052173
052254
052398
052410
052497
052637
052640
052648
052696
052728
052753
052758
052839
052847
053090
053379
053461
053480
053500
053553
053674
053780
053958
054119
054236
054263
054360
054424
054530
054537
054644
054686
054689
054719
054758
054926
054946
055013
055053
055223
055304
055332
055377
055392
055415
055419
055420
055504
055544
055592
055854
055997
056032
056224
056314
056715
056720
056735
056810
056857
056859
056889
056917
057320
057731
057811
057874
057995
057997
058147
058163
058178
058359
058391
058416
058513
058515
058550
058597
058662
058791
059035
059269
059280
059284
059465
059520
059536
059579
059625
059709
059775
059948
060000
060068
060191
060250
060312
060383
060479
060552
060764
060850
060861
060964
060978
060982
061106
061276
061404
061480
061519
061604
061614
061664
061701
061916
061989
062049
062065
062118
062141
062143
062175
062204
062225
062354
062585
062596
062800
062880
063034
063125
063171
063180
063411
063455
063580
063715
063759
064276
064468
064544
064577
064689
064756
064758
064809
064939
064967
065040
065210
065380
065400
