000020
000236
000257
000261
000281
000289
000352
000407
000415
000488
000574
000647
000662
000750
000751
000842
000877
000965
001087
001188
001242
001275
001524
001530
001704
001708
001736
001816
001954
001970
002132
002156
002163
002284
002551
002559
002603
002628
002692
002723
002796
002850
002896
002926
002956
002997
003019
003035
003096
003165
003168
003330
003525
003645
003672
003803
003847
003971
004071
004177
004248
004367
004417
004694
004726
004747
004793
004846
004849
004875
004886
004922
005129
005176
005213
005217
005221
005440
005499
005502
005503
005527
005536
005888
006014
006015
006071
006103
006175
006254
006325
006332
006411
006421
006813
006814
006850
006883
006970
006986
007109
007188
007211
007374
007446
007492
007531
007546
007613
007625
007754
007776
007823
007827
007836
007857
007899
008098
008174
008206
008320
008404
008718
008861
009163
009294
009295
009332
009479
009505
009581
009588
009613
009761
009979
010113
010120
010154
010192
010209
010259
010292
010406
010508
010548
010607
010612
010637
010743
010784
010790
010864
010948
011024
011095
011213
011323
011396
011450
011549
011664
011861
011885
011933
012097
012158
012238
012343
012476
012653
012746
012765
012969
012988
013050
013096
013170
013597
013613
013614
013649
013692
013868
013964
014006
014058
014060
014066
014244
014252
014310
014366
014574
014590
014609
014637
014647
014687
014726
014785
014827
014860
014995
015102
015184
015229
015283
015325
015375
015464
015542
015551
015595
015661
015707
015755
015852
015883
015885
015928
016012
016161
016204
016230
016388
016417
016583
016701
016727
016735
016738
016787
016963
017114
017121
017165
017189
017227
017237
017271
017346
017413
017562
017615
017709
017721
017795
017841
017936
017969
018013
018076
018164
018180
018410
018510
019072
019178
019206
019445
019567
019577
019618
019677
019916
019918
020044
020099
020111
020131
020190
020240
020296
020297
020332
020384
020454
020718
020757
020812
020948
021018
021094
021102
021153
021280
021366
021510
021586
021620
021676
021732
021890
021919
021922
022054
022103
022120
022140
022153
022282
022288
022401
022451
022503
022523
022551
022581
022700
022789
022796
022858
022865
022965
023027
023048
023076
023142
023478
023612
023666
023695
023909
024110
024129
024237
024309
024488
024512
024820
024836
024905
024925
024932
025055
025096
025104
025207
025324
025408
025478
025524
025590
025679
025753
025758
025804
026222
026262
026432
026567
026676
026745
026764
026786
026801
026966
027115
027127
027337
027338
027340
027373
027394
027415
027547
027682
027758
028064
028085
028095
028147
028238
028242
028310
028342
028401
028497
028548
028593
028622
028723
028773
028793
028849
028850
028857
028905
028916
028980
029067
029137
029183
029218
029230
029244
029450
029473
029485
029512
029561
029562
029732
029805
029809
029825
029918
029938
029957
029974
030170
030220
030310
030378
030503
030536
030546
030666
030700
030703
030726
030742
030805
030921
031019
031154
031190
031203
031245
031689
031724
031943
032004
032009
032028
032064
032100
032128
032162
032268
032271
032285
032377
032392
032437
032515
032610
032827
032846
032924
033164
033176
033328
033506
033691
033698
033720
033761
033847
033859
033974
034150
034267
034295
034320
034348
034370
034551
034607
034621
034693
034779
035005
035063
035067
035099
035136
035207
035342
035400
035439
035453
035481
035537
035593
035762
035777
035884
036173
036189
036239
036283
036364
036394
036402
036478
036504
036574
036593
036623
036773
036875
037134
037238
037410
037436
037516
037575
037630
037703
037850
037925
037928
038075
038128
038170
038328
038343
038440
038559
038562
038710
038777
038912
038925
038960
038986
039087
039106
039109
039426
039433
039459
039606
039620
039872
039908
040114
040167
040274
040311
040413
040470
040473
040564
040620
040716
040750
040813
040948
040983
041005
041112
041137
041195
041375
041388
041445
041504
041665
041712
041820
042019
042048
042057
042063
042279
042285
042287
042323
042398
042400
042420
042546
042595
042776
042821
042826
042949
042955
043054
043112
043232
043244
043287
043397
043445
043472
043562
043606
043735
043737
043816
043900
043919
043968
044104
044186
044353
044449
044511
044518
044523
044542
044577
044587
044626
044691
044854
044902
044992
045019
045066
045108
045152
045199
045226
045320
045491
045604
045634
045797
045811
045862
045898
046001
046055
046073
046247
046252
046254
046289
046387
046403
046452
046472
046733
046760
046904
046964
046971
047005
047201
047317
047359
047377
047438
047504
047537
047541
047577
047667
047781
047945
048016
048260
048377
048433
048501
048555
048580
048748
048835
049163
049259
049294
049332
049395
049680
049724
049778
049810
049912
049915
049927
049947
049965
050016
050199
050237
050304
050309
050499
050501
050699
050794
050910
050970
051211
051273
051295
051336
051362
051467
051478
051525
051598
051702
051716
051768
051815
051880
052093
052149
052173
052254
052320
052398
052410
052497
052637
052640
052648
052696
052728
052737
052758
052839
052847
053090
053099
053379
053393
053461
053480
053500
053553
053611
053668
053674
053780
053958
054115
054141
054201
054236
054263
054421
054530
054644
054648
054655
054686
054719
054758
054926
054946
055013
055137
055223
055304
055332
055336
055377
055391
055415
055419
055472
055504
055544
055635
055830
055854
055879
056032
056183
056187
056224
056314
056317
056490
056642
056715
056720
056735
056810
056857
056889
057039
057196
057280
057320
057692
057731
057811
057995
057997
058010
058177
058302
058391
058416
058513
058515
058550
058597
058662
058776
058799
058941
058972
059130
059201
059255
059269
059284
059465
059521
059535
059536
059579
059709
059775
059844
059921
059948
060147
060191
060250
060312
060382
060383
060479
060861
060964
060982
061118
061404
061448
061480
061604
061701
061738
061916
062049
062065
062118
062141
062143
062482
062596
062653
062793
062800
062802
062880
063028
063034
063171
063180
063230
063429
063550
063580
063759
063780
063794
063881
063940
064204
064276
064366
064468
064498
064544
064577
064605
064689
065040
065059
065210
065235
065380
065400
065406
