000020
000261
000281
000289
000449
000485
000574
000647
000750
000751
000763
000965
001167
001242
001386
001713
001795
001970
002022
002129
002132
002156
002225
002241
002470
002559
002662
002692
002723
002796
002893
002896
002926
002997
003019
003035
003165
003168
003250
003330
003547
003665
003672
003810
003847
003852
003971
004248
004301
004417
004726
004815
004849
004875
004886
005117
005213
005217
005346
005499
005527
005701
005716
005761
006014
006042
006103
006138
006175
006254
006398
006592
006718
006813
006814
007014
007077
007144
007186
007211
007281
007446
007492
007507
007613
007857
008042
008098
008157
008190
008206
008314
008321
008378
008484
008718
008852
009109
009332
009414
009444
009549
009581
009679
009684
009694
009878
009917
009979
010010
010113
010136
010154
010192
010259
010286
010292
010406
010413
010508
010607
010743
010784
010786
010790
010829
010906
010948
010967
011211
011450
011698
011740
011885
012370
012442
012455
012633
012863
013170
013486
013540
013597
013613
013692
013755
013758
013943
013964
013990
014060
014066
014074
014138
014163
014199
014229
014310
014366
014574
014590
014609
014687
014726
014781
014860
014874
015102
015184
015280
015351
015357
015372
015375
015464
015542
015556
015595
015661
015755
015852
015883
015885
016012
016161
016204
016230
016388
016417
016488
016507
016656
016701
016801
016810
016963
017070
017121
017227
017237
017413
017615
017795
017832
017883
018013
018061
018095
018141
018180
018410
018510
019072
019144
019178
019445
019510
019567
019577
019677
019732
019916
019918
020080
020099
020111
020131
020136
020240
020297
020332
020895
020911
020948
021018
021045
021094
021102
021280
021366
021475
021574
021586
021676
021732
021890
022054
022103
022119
022120
022140
022190
022282
022352
022451
022523
022534
022700
022858
022865
022895
022965
023027
023142
023183
023433
023612
023666
023740
023864
024083
024237
024339
024488
024648
024674
024836
024905
024925
024932
025044
025055
025104
025218
025231
025321
025408
025420
025478
025643
025679
025764
025804
025981
026384
026521
026676
026764
026801
027157
027394
027410
027415
027452
027758
028230
028238
028342
028383
028401
028548
028587
028723
028850
029148
029230
029450
029485
029561
029729
029765
029809
029938
029957
029974
030118
030261
030503
030524
030666
030700
030726
030749
030805
030854
030899
030971
031019
031037
031190
031203
031385
031490
031606
031717
031943
032005
032009
032162
032285
032377
032392
032434
032463
032556
032882
032960
033051
033467
033720
033761
033859
034037
034217
034295
034607
034621
034693
034757
034779
034982
035005
035063
035136
035207
035242
035376
035439
035453
035481
035537
035762
035802
035904
036057
036239
036394
036478
036593
036695
036788
036824
036928
037590
037703
037728
037757
037850
037928
038082
038128
038343
038440
038479
038754
038839
039087
039106
039195
039426
039620
040007
040214
040274
040413
040418
040446
040473
040537
040564
040708
040727
040737
040813
040947
040983
041005
041091
041112
041137
041168
041200
041375
041445
041712
041959
042036
042048
042057
042183
042269
042279
042366
042374
042398
042546
042621
042939
043008
043054
043112
043244
043562
043606
043650
043672
043735
043737
043807
043900
043919
043990
044062
044104
044329
044449
044497
044511
044523
044542
044577
044587
044626
044746
044787
044854
044902
045019
045066
045199
045226
045302
045320
045417
045797
045862
046001
046044
046093
046155
046247
046254
046760
046986
047005
047201
047354
047359
047377
047438
047525
047541
047677
048016
048038
048358
048377
048432
048463
048505
048737
048862
049163
049263
049294
049724
049810
049915
049927
049965
050016
050120
050147
050237
050285
050304
050309
050344
050456
050501
050515
050794
051201
051362
051483
051525
051702
051768
051815
051840
051880
052093
052149
052320
052353
052398
052410
052497
052594
052640
052648
052753
052839
052847
052873
052905
053019
053090
053461
053480
053500
053864
053887
054236
054263
054365
054644
054719
054758
054946
054949
055132
055304
055391
055410
055415
055419
055544
055762
055854
055992
056069
056356
056715
056720
056810
056857
057073
057223
057320
057731
057811
057841
057907
057986
057995
057997
058116
058391
058416
058520
058550
058597
058662
058738
058818
058830
059129
059130
059336
059533
059536
059579
059709
059724
059775
059948
059975
060250
060312
060318
060383
060861
060964
061063
061480
061502
061604
061701
061867
061903
061916
062049
062065
062118
062141
062143
062228
062596
062648
062800
062802
062835
063034
063166
063171
063180
063483
063580
063650
063759
063873
063994
064154
064276
064442
064468
064541
064577
064689
064887
064949
064955
065002
065210
065230
065300
065380
065400
