000020
000069
000155
000225
000261
000281
000289
000352
000485
000574
000628
000647
000662
000750
000751
000763
000830
000878
000965
001052
001087
001214
001242
001252
001258
001275
001378
001393
001399
001470
001658
001704
001736
001816
001918
001954
001970
002022
002156
002163
002272
002298
002355
002419
002551
002559
002603
002628
002692
002723
002796
002807
002896
002926
003019
003035
003042
003049
003068
003096
003133
003165
003168
003225
003274
003330
003517
003573
003623
003645
003672
003775
003803
003847
003896
003971
004029
004177
004248
004301
004367
004417
004438
004458
004564
004726
004737
004747
004763
004793
004849
004875
004886
004888
004922
005117
005123
005129
005176
005213
005217
005222
005440
005499
005527
005536
005716
005721
005799
005888
006014
006015
006021
006071
006103
006175
006254
006282
006325
006332
006341
006411
006421
006435
006530
006648
006813
006814
006850
006923
006970
007102
007281
007374
007446
007471
007492
007507
007613
007721
007754
007776
007827
007836
007857
008098
008174
008206
008320
008537
008593
008718
008812
008861
008938
009226
009268
009294
009295
009332
009387
009477
009479
009511
009588
009684
009761
009921
009979
010113
010136
010154
010192
010209
010242
010259
010292
010406
010508
010548
010555
010607
010637
010743
010784
010790
010805
010864
010919
010948
010967
011024
011095
011241
011257
011274
011287
011323
011369
011396
011450
011664
011685
011696
011735
011755
011879
011885
012045
012120
012149
012158
012222
012266
012343
012372
012381
012457
012476
012765
012812
012846
012870
012898
012924
012969
013027
013096
013119
013170
013227
013370
013597
013612
013613
013649
013692
013801
013896
013964
014006
014058
014060
014066
014233
014236
014244
014278
014310
014366
014415
014574
014590
014609
014637
014678
014687
014742
014785
014860
014972
014995
015102
015184
015229
015372
015375
015464
015471
015542
015595
015661
015707
015755
015852
015883
015885
015906
015928
015980
016012
016161
016204
016230
016362
016384
016388
016417
016488
016576
016583
016701
016735
016787
016878
016894
016924
016947
016963
017114
017121
017143
017165
017189
017227
017237
017248
017346
017413
017419
017449
017489
017557
017562
017615
017709
017716
017721
017791
017795
017841
017872
017883
017903
017936
017948
017969
018013
018054
018076
018095
018164
018180
018220
018279
018410
018510
018575
018805
018825
018883
019072
019148
019178
019206
019445
019567
019577
019677
019732
019804
019916
019918
019921
019935
020044
020092
020099
020111
020131
020172
020190
020240
020296
020297
020332
020383
020384
020688
020718
020757
020812
020948
021018
021094
021102
021153
021280
021366
021510
021586
021620
021676
021689
021732
021835
021890
021919
022054
022103
022120
022140
022153
022282
022288
022378
022401
022451
022503
022523
022551
022581
022593
022626
022700
022725
022750
022796
022858
022865
022965
022967
023027
023076
023142
023193
023313
023478
023522
023576
023612
023652
023666
023695
023726
023922
024083
024110
024120
024129
024144
024191
024237
024242
024301
024309
024488
024512
024721
024820
024836
024842
024899
024901
024905
024925
024932
025009
025019
025055
025088
025096
025104
025207
025324
025365
025408
025420
025478
025626
025655
025659
025679
025764
025789
025804
025825
025838
025955
025981
026026
026222
026262
026417
026432
026438
026460
026501
026562
026618
026676
026697
026745
026764
026786
026867
026906
026966
027115
027337
027338
027340
027344
027394
027415
027452
027526
027682
027758
027873
028064
028095
028147
028238
028309
028310
028342
028401
028470
028497
028547
028548
028593
028613
028622
028723
028773
028793
028838
028849
028850
028857
028905
029051
029067
029095
029106
029218
029230
029244
029266
029450
029473
029474
029485
029512
029548
029561
029562
029634
029732
029805
029809
029825
029862
029918
029938
029957
029965
029974
030170
030269
030310
030503
030536
030666
030700
030703
030726
030730
030742
030805
030841
030899
030921
031019
031052
031190
031203
031338
031400
031459
031698
032009
032028
032114
032128
032143
032162
032232
032268
032271
032377
032392
032408
032437
032475
032515
032535
032602
032642
032846
032924
033164
033176
033224
033253
033328
033395
033506
033671
033691
033698
033720
033750
033761
033807
033847
033850
033859
033960
034150
034217
034267
034295
034320
034348
034370
034551
034607
034621
034629
034643
034675
034693
034779
034784
034888
034956
034982
035005
035063
035136
035207
035285
035319
035367
035381
035439
035444
035453
035481
035537
035593
035762
035804
035884
035961
035963
036173
036231
036239
036247
036364
036394
036402
036478
036504
036623
036773
036875
036893
037001
037006
037043
037134
037238
037397
037410
037516
037575
037593
037681
037703
037850
037928
038075
038128
038170
038224
038271
038328
038343
038440
038559
038710
038777
038839
038912
038925
038960
039061
039087
039106
039109
039390
039394
039416
039426
039433
039459
039606
039620
039689
039908
039971
040081
040167
040169
040268
040274
040283
040311
040381
040413
040470
040473
040564
040583
040646
040716
040750
040755
040813
040949
040983
041005
041012
041040
041112
041133
041137
041141
041205
041375
041388
041445
041504
041569
041596
041602
041665
041712
041820
042036
042048
042057
042108
042186
042279
042285
042287
042290
042398
042400
042467
042546
042643
042776
042873
042949
042955
043004
043054
043112
043138
043187
043232
043241
043244
043303
043445
043472
043562
043600
043606
043735
043737
043816
043859
043900
043904
043919
043968
044055
044062
044104
044186
044329
044434
044449
044511
044518
044542
044577
044582
044587
044603
044626
044663
044691
044779
044797
044902
044992
045019
045108
045152
045199
045226
045302
045320
045435
045473
045604
045746
045797
045862
045959
046001
046025
046044
046057
046073
046093
046247
046252
046452
046472
046560
046733
046760
046809
046904
046971
047005
047051
047179
047201
047317
047359
047377
047537
047541
047577
047590
047667
047678
047681
047778
047928
048013
048016
048159
048188
048260
048294
048358
048377
048433
048499
048536
048555
048835
049030
049051
049163
049259
049294
049355
049395
049724
049810
049891
049912
049915
049924
049927
049947
049965
049991
050014
050016
050017
050237
050304
050309
050360
050458
050499
050501
050523
050608
050640
050699
050794
050814
050910
050970
051132
051191
051211
051223
051273
051362
051478
051503
051525
051537
051702
051768
051815
051880
052093
052149
052173
052254
052262
052320
052325
052398
052410
052490
052497
052622
052637
052640
052648
052696
052728
052730
052758
052805
052839
052847
052895
052956
053090
053099
053239
053319
053360
053379
053393
053461
053480
053500
053553
053611
053674
053780
053950
053958
054088
054119
054141
054201
054236
054263
054369
054472
054530
054644
054648
054679
054686
054719
054744
054758
054896
054926
054946
055013
055068
055137
055200
055217
055223
055304
055332
055377
055391
055392
055415
055419
055435
055470
055504
055612
055635
055854
055886
056032
056181
056183
056224
056314
056317
056397
056485
056560
056635
056715
056720
056735
056743
056769
056810
056837
056857
057047
057096
057196
057212
057223
057320
057380
057488
057699
057731
057811
057995
057997
058010
058011
058147
058236
058302
058391
058416
058513
058515
058520
058550
058597
058645
058662
058771
058776
058799
058847
058859
058941
059130
059269
059284
059465
059521
059533
059536
059579
059709
059727
059775
059844
059884
059921
059948
060063
060132
060181
060250
060312
060382
060383
060412
060479
060568
060751
060861
060877
060964
060981
060982
061012
061063
061106
061118
061373
061404
061448
061480
061604
061664
061701
061738
061916
062030
062049
062065
062068
062118
062121
062141
062143
062188
062351
062461
062482
062596
062653
062800
062880
062968
063028
063034
063125
063140
063171
063180
063429
063580
063626
063630
063759
063780
063794
063881
063897
064204
064206
064241
064276
064408
064442
064468
064498
064544
064577
064581
064685
064688
064689
064818
064928
065040
065059
065136
065210
065336
065380
065400
065406
