000110
000155
000261
000281
000289
000342
000384
000574
000647
000662
000750
000877
000965
001087
001242
001378
001386
001704
001736
001816
001898
001912
001954
001970
002132
002156
002163
002241
002298
002419
002551
002559
002603
002723
002796
002850
002896
002956
003019
003049
003096
003133
003165
003168
003330
003573
003672
003803
003847
003971
004029
004248
004301
004417
004438
004564
004656
004694
004726
004747
004793
004886
004922
005123
005129
005213
005217
005220
005440
005499
005502
005527
005661
005701
005799
005888
005916
005987
006015
006071
006103
006175
006254
006325
006421
006592
006648
006814
006850
006883
006970
007276
007309
007374
007446
007531
007613
007625
007721
007776
007823
007836
007857
008206
008543
008557
008593
008718
008861
008938
009268
009294
009295
009332
009432
009581
009613
009684
009921
010109
010113
010120
010154
010192
010292
010351
010406
010416
010607
010637
010784
010790
010805
010834
010948
011024
011095
011193
011377
011396
011450
011551
011664
011879
011885
012158
012238
012252
012343
012381
012457
012593
012765
012969
012988
013027
013096
013119
013170
013404
013597
013613
013649
013692
013805
014006
014058
014060
014066
014310
014366
014574
014590
014609
014726
014785
014827
014860
014895
014995
015102
015184
015375
015464
015542
015595
015661
015852
015883
015885
015928
016012
016161
016204
016230
016362
016388
016417
016507
016578
016583
016599
016727
016735
016787
016878
017121
017237
017317
017413
017489
017532
017615
017709
017721
017872
017903
017936
017948
017969
018013
018220
018410
018510
018582
018754
018845
018856
019072
019178
019244
019375
019445
019567
019577
019618
019677
019732
019916
019918
019935
020099
020111
020131
020190
020296
020297
020332
020344
020384
020454
020500
020688
020718
020895
020948
020979
021018
021045
021094
021532
021586
021620
021676
021689
021890
021919
022054
022103
022140
022153
022190
022282
022288
022401
022451
022503
022581
022725
022757
022796
022858
022865
022965
022967
023027
023065
023076
023142
023576
023652
023666
023726
024083
024110
024129
024220
024237
024242
024301
024309
024339
024401
024409
024488
024512
024721
024791
024836
024867
024872
024876
024899
024905
024910
024932
025044
025055
025094
025096
025104
025207
025365
025408
025478
025524
025655
025659
025679
025804
025981
026262
026417
026676
026757
026801
026906
027115
027337
027338
027394
027439
027682
027758
027921
028085
028095
028161
028238
028310
028321
028342
028401
028412
028470
028477
028497
028548
028613
028622
028773
028793
028849
028850
028905
029106
029183
029218
029230
029266
029450
029561
029562
029752
029753
029805
029809
029825
029886
029938
029957
030220
030378
030503
030536
030546
030666
030693
030700
030703
030726
030742
030805
030854
030921
031190
031400
031577
032009
032028
032064
032114
032128
032162
032268
032271
032377
032392
032408
032437
032579
032750
032918
032924
033096
033164
033176
033265
033328
033426
033691
033698
033720
033761
033807
033847
033878
034150
034295
034320
034348
034370
034607
034621
034629
034643
034779
034888
035005
035063
035099
035136
035207
035439
035440
035444
035453
035537
035593
035762
035802
035884
035904
036173
036239
036364
036394
036402
036418
036478
036875
037001
037043
037238
037410
037436
037516
037575
037653
037703
037850
037928
038075
038128
038170
038271
038304
038328
038440
038559
038561
038710
038912
038913
038986
039061
039087
039106
039109
039390
039394
039426
039459
039606
039908
039921
040167
040169
040274
040283
040413
040470
040473
040564
040583
040646
040716
040755
041000
041005
041012
041112
041137
041205
041375
041388
041445
041504
041602
041712
041820
041983
042019
042048
042057
042063
042279
042285
042287
042290
042323
042398
042400
042546
042665
042873
042939
042949
042955
043044
043091
043112
043232
043244
043287
043445
043472
043562
043606
043735
043737
043816
043859
043904
043919
043968
044104
044186
044449
044489
044518
044523
044542
044544
044577
044582
044587
044615
044626
044691
044779
044854
044902
044992
045019
045066
045108
045152
045199
045226
045320
045435
045441
045604
045862
045898
046001
046057
046073
046184
046247
046252
046733
046760
046809
046864
046904
046971
047005
047201
047317
047359
047377
047437
047438
047468
047504
047577
047694
047781
047846
047945
048016
048159
048377
048536
048555
048835
049051
049163
049259
049294
049355
049395
049422
049810
049912
049924
049927
049947
049965
049991
050016
050199
050237
050272
050309
050499
050501
050699
050794
050910
050970
051191
051194
051211
051273
051362
051467
051478
051503
051514
051702
051768
051815
051829
051880
052093
052149
052173
052211
052254
052320
052398
052403
052410
052490
052497
052571
052640
052648
052696
052805
052839
052847
052899
052956
052971
053090
053099
053393
053451
053461
053480
053500
053532
053553
053603
053611
053674
053780
053948
053950
054115
054119
054141
054236
054263
054530
054576
054644
054648
054679
054686
054719
054758
054946
055013
055137
055304
055336
055377
055391
055419
055435
055892
056032
056183
056224
056314
056317
056720
056729
056734
056857
056950
057000
057200
057280
057320
057488
057621
057699
057811
057995
057997
058010
058302
058360
058416
058515
058550
058597
058645
058662
058776
058847
058859
058941
058972
059130
059201
059207
059392
059396
059709
059844
059884
059948
060058
060147
060250
060312
060382
060383
060479
060568
060637
060751
060877
060964
060998
061012
061060
061106
061480
061701
061738
061858
062049
062118
062121
062141
062143
062351
062461
062482
062653
062770
062802
062880
063025
063028
063180
063429
063580
063686
063759
063780
063794
063881
063940
064204
064241
064276
064366
064408
064468
064577
064581
064605
064616
064685
064688
064913
065059
065136
065210
065235
065242
065336
065358
065380
065400
