000020
000261
000281
000289
000352
000485
000574
000647
000751
000763
000965
001087
001167
001242
001275
001393
001399
001634
001736
001970
002022
002129
002132
002156
002225
002559
002603
002628
002692
002796
002896
002926
002997
003019
003035
003165
003168
003250
003645
003672
003847
004177
004198
004367
004417
004726
004748
004849
004875
004886
005117
005176
005213
005217
005440
005499
005536
005716
005888
006014
006015
006103
006175
006254
006332
006411
006421
006435
006813
006814
006846
006850
006970
007211
007281
007446
007492
007507
007531
007613
007754
007827
008042
008098
008174
008190
008206
008320
008718
008852
009332
009414
009479
009549
009581
009588
009960
009979
010113
010136
010192
010209
010259
010292
010406
010413
010508
010607
010743
010784
010790
010864
010906
010967
011095
011323
011740
011885
012158
012238
012442
012476
012863
013170
013597
013692
013964
013990
014006
014060
014066
014244
014310
014366
014574
014590
014609
014637
014687
014860
015102
015184
015229
015280
015351
015372
015375
015464
015542
015595
015661
015707
015755
015852
015883
015885
016012
016161
016204
016230
016388
016417
016488
016583
016701
016735
016787
016810
016963
017070
017114
017121
017165
017189
017227
017237
017346
017413
017562
017615
017709
017721
017795
017832
017841
017883
017969
018013
018076
018095
018141
018164
018180
018410
019072
019178
019577
019677
019680
019916
019918
020044
020099
020111
020131
020240
020297
020332
020423
020812
020948
021018
021045
021094
021102
021153
021280
021366
021510
021586
021676
021732
021890
022054
022103
022120
022140
022282
022288
022451
022523
022551
022700
022796
022858
022965
023027
023076
023433
023478
023612
023666
024129
024309
024488
024820
024836
024905
024925
024932
025055
025104
025324
025408
025420
025478
025643
025679
025764
025804
026222
026262
026384
026585
026676
026697
026745
026764
026786
026801
026966
027337
027338
027340
027394
027410
027415
027452
028064
028095
028342
028401
028497
028548
028593
028622
028723
028793
028850
028857
028905
029067
029218
029230
029244
029450
029473
029485
029512
029561
029805
029809
029825
029918
029938
029974
030094
030118
030170
030261
030310
030503
030536
030666
030700
030726
030805
030899
031019
031190
031203
031490
031606
031698
031943
032009
032128
032285
032377
032392
032463
032515
032846
033164
033328
033458
033506
033698
033720
033761
033815
033847
033859
034295
034348
034551
034607
034621
034693
034779
034982
035005
035039
035063
035136
035207
035439
035453
035481
035537
035762
035804
036239
036394
036478
036593
036695
036773
036875
037134
037238
037410
037593
037703
037850
037928
038075
038128
038343
038440
038559
038777
038839
038912
038960
039087
039106
039426
039433
039459
039620
039908
040007
040167
040311
040413
040418
040446
040470
040473
040564
040750
040813
040983
041005
041112
041137
041375
041445
041665
041712
041959
042036
042057
042323
042398
042400
042546
042621
042776
042949
043008
043054
043112
043244
043562
043606
043650
043735
043737
043900
043919
044062
044104
044329
044449
044511
044523
044577
044587
044626
044691
044854
044902
045019
045066
045108
045199
045226
045302
045320
045746
045797
045844
045862
046001
046044
046093
046247
046252
046254
046472
046760
046904
047005
047201
047359
047377
047541
047577
047667
047677
048016
048038
048260
048358
048377
048433
048463
048555
049063
049263
049724
049810
049878
049915
049927
049965
050120
050304
050309
050501
050515
050699
050794
050910
051273
051362
051478
051525
051702
051815
051880
052093
052149
052180
052398
052497
052594
052640
052728
052758
052839
052847
052905
053090
053319
053379
053393
053480
053500
053958
054141
054201
054236
054263
054530
054644
054648
054758
054926
054946
055137
055223
055304
055332
055377
055391
055415
055419
055544
055635
055762
055854
055992
056032
056715
056720
056735
056810
056857
057196
057223
057320
057731
057811
057841
057907
057995
057997
058116
058391
058513
058520
058550
058597
058662
058776
058799
058941
059201
059269
059284
059533
059536
059579
059709
059775
059948
060250
060312
060318
060383
060861
061063
061118
061448
061480
061604
061701
061916
062049
062065
062118
062141
062143
062178
062482
062596
062800
062880
063034
063171
063580
063650
063794
064154
064204
064276
064366
064442
064468
064498
064544
064577
064689
064955
065040
065059
065210
065230
065380
065400
065406
