000020
000030
000130
000155
000225
000261
000281
000352
000407
000485
000519
000571
000574
000628
000647
000750
000751
000965
001082
001214
001242
001258
001275
001399
001470
001918
001970
002156
002272
002298
002366
002463
002512
002559
002692
002723
002796
002896
002926
002971
003019
003035
003049
003126
003133
003165
003168
003330
003453
003476
003645
003646
003672
003756
003775
003847
003971
004029
004248
004367
004417
004726
004786
004849
004875
004886
004922
005117
005176
005213
005217
005221
005307
005499
005527
005536
005716
005739
005752
005794
005799
005955
006014
006041
006071
006103
006175
006254
006282
006325
006332
006411
006421
006648
006813
006814
007281
007289
007374
007446
007492
007507
007592
007754
007802
007827
007857
007899
008098
008174
008206
008320
008389
008537
008718
008861
008938
009278
009477
009479
009588
009761
009772
009827
009979
010113
010136
010154
010188
010192
010209
010217
010259
010284
010292
010406
010508
010548
010555
010607
010743
010784
010790
010805
010864
010873
010875
010948
010967
011011
011024
011323
011328
011450
011502
011696
011735
011879
011885
011915
011933
011959
012197
012222
012381
012476
012591
012607
012765
012820
012969
013096
013227
013597
013613
013692
013801
013868
013964
014060
014066
014162
014244
014278
014310
014366
014574
014590
014609
014637
014687
014768
014785
014860
015102
015184
015222
015229
015372
015375
015542
015590
015595
015618
015661
015755
015852
015883
015885
015888
015980
016012
016101
016161
016185
016204
016230
016384
016388
016412
016417
016428
016488
016701
016713
016963
017114
017121
017165
017189
017227
017248
017346
017557
017615
017673
017709
017795
017824
017841
017883
017903
017921
017936
018013
018076
018095
018141
018164
018180
018410
018509
018510
018575
018992
019025
019072
019178
019206
019445
019487
019567
019577
019677
019783
019832
019861
019916
019918
020044
020092
020099
020111
020131
020161
020190
020240
020296
020297
020324
020332
020415
020757
020920
020948
021018
021053
021094
021102
021153
021280
021299
021366
021510
021586
021620
021676
021732
021835
021890
022054
022103
022120
022140
022153
022282
022451
022484
022523
022551
022700
022828
022858
022865
022965
022967
023027
023142
023478
023576
023612
023666
023695
023909
023996
024110
024189
024237
024301
024488
024721
024820
024836
024842
024844
024899
024901
024905
024925
024932
024985
025019
025025
025045
025055
025104
025408
025420
025478
025548
025557
025593
025626
025679
025758
025764
025789
025804
025955
026174
026222
026262
026315
026340
026432
026452
026501
026567
026676
026691
026697
026745
026786
026867
026881
027115
027340
027394
027397
027415
027442
027452
027758
027873
028085
028116
028121
028122
028147
028238
028242
028309
028342
028401
028548
028622
028723
028773
028857
028906
029067
029230
029244
029377
029450
029485
029512
029548
029561
029601
029732
029809
029862
029918
029938
029957
029974
029996
030154
030170
030309
030310
030372
030416
030419
030503
030509
030702
030703
030719
030726
030730
030805
030841
030899
031019
031190
031203
031245
031338
031400
031459
032009
032028
032114
032143
032162
032373
032377
032392
032515
032602
032974
033224
033253
033506
033522
033671
033720
033734
033761
033859
033927
033960
034267
034295
034320
034366
034370
034551
034607
034621
034693
034779
034784
034939
034982
035005
035039
035063
035136
035207
035319
035439
035453
035481
035537
035762
035804
036173
036239
036394
036402
036478
036504
036544
036623
036667
036773
036890
036963
037001
037006
037134
037397
037544
037593
037681
037703
037850
037928
038128
038129
038170
038237
038294
038301
038343
038444
038559
038839
038925
038960
039061
039087
039102
039106
039109
039288
039426
039433
039579
039620
039768
039920
039921
039971
040081
040268
040274
040283
040311
040338
040414
040473
040564
040583
040620
040646
040750
040793
040813
040886
040983
041005
041112
041137
041141
041195
041275
041375
041388
041434
041445
041603
041665
041712
041820
041876
042036
042048
042057
042108
042159
042279
042398
042546
042643
042672
042776
042785
042843
043054
043112
043232
043244
043397
043445
043472
043562
043606
043669
043735
043737
043816
043859
043873
043900
043919
043968
044062
044186
044215
044329
044353
044434
044449
044461
044511
044518
044542
044577
044587
044626
044758
044902
044992
045019
045152
045199
045220
045226
045302
045320
045473
045604
045650
045658
045746
045797
045799
045844
045862
045893
045931
046001
046025
046044
046073
046093
046134
046206
046247
046452
046472
046760
046971
047005
047201
047359
047369
047377
047537
047541
047778
047971
048016
048156
048188
048260
048295
048358
048377
048433
048449
048499
048555
048580
048713
048835
049030
049163
049259
049294
049355
049395
049556
049676
049724
049810
049913
049915
049927
049947
049965
049991
050016
050017
050230
050237
050304
050458
050499
050501
050523
050780
050794
050830
050849
051132
051362
051478
051503
051525
051702
051815
051880
051951
052093
052149
052173
052254
052262
052359
052398
052410
052497
052637
052640
052648
052696
052728
052758
052839
052847
052895
052956
053090
053239
053360
053379
053461
053480
053500
053553
053611
053740
053780
053950
053958
054119
054236
054263
054360
054424
054530
054537
054644
054686
054689
054719
054758
054896
054926
054946
055013
055053
055200
055217
055223
055304
055332
055377
055392
055415
055419
055420
055504
055612
055854
055945
055946
055999
056032
056224
056314
056317
056635
056642
056715
056720
056735
056810
056857
056917
057223
057320
057380
057731
057811
057995
057997
058147
058236
058391
058416
058513
058515
058520
058550
058597
058662
058771
058799
059130
059269
059280
059284
059465
059521
059533
059536
059579
059709
059775
059844
059948
060000
060063
060068
060181
060191
060250
060272
060312
060383
060412
060479
060552
060644
060751
060861
060964
060977
060982
061063
061375
061404
061480
061604
061614
061664
061701
061892
061916
062049
062065
062118
062141
062143
062175
062354
062596
062800
062880
062993
063034
063125
063171
063180
063411
063455
063580
063715
063759
064206
064276
064442
064468
064544
064577
064688
064689
064756
064967
065040
065088
065210
065380
065400
