000001
000020
000105
000155
000225
000261
000281
000352
000485
000574
000591
000626
000647
000650
000750
000751
000782
000858
000877
000878
000913
000965
001027
001184
001242
001258
001275
001324
001328
001333
001361
001367
001470
001640
001641
001645
001831
001848
001853
001918
001970
002132
002156
002357
002393
002419
002470
002477
002481
002559
002634
002692
002796
002893
002896
002988
003019
003035
003133
003165
003168
003330
003387
003428
003465
003468
003515
003618
003645
003669
003689
003775
003843
003847
003864
003887
003920
003932
003936
003939
003998
004003
004029
004062
004078
004157
004367
004406
004417
004667
004689
004709
004817
004835
004849
004870
004875
004886
004924
004990
005085
005101
005117
005123
005176
005213
005214
005217
005218
005221
005271
005287
005308
005328
005344
005417
005499
005527
005548
005639
005716
005761
005765
005799
005806
005848
005940
005984
006014
006084
006103
006175
006254
006332
006376
006397
006411
006434
006609
006644
006814
006988
007019
007139
007232
007233
007266
007279
007281
007349
007446
007507
007671
007754
007827
007857
007863
007874
007899
007961
008001
008098
008111
008127
008155
008167
008174
008177
008206
008279
008320
008370
008414
008456
008492
008537
008562
008593
008599
008655
008718
008758
008825
008884
008938
009057
009062
009071
009094
009156
009468
009479
009572
009589
009821
009979
009994
010055
010113
010136
010170
010192
010209
010216
010259
010292
010370
010390
010406
010424
010483
010498
010508
010550
010589
010743
010784
010786
010790
010805
010864
010872
010946
010967
011071
011194
011226
011249
011312
011323
011338
011365
011376
011398
011450
011577
011643
011693
011696
011735
011736
011745
011777
011879
011885
011905
011933
011956
012032
012063
012123
012150
012180
012228
012259
012269
012277
012381
012476
012629
012665
012802
012934
013008
013070
013164
013180
013204
013227
013284
013457
013467
013597
013613
013643
013692
013770
013778
013790
013868
013964
014060
014066
014074
014084
014120
014128
014228
014244
014278
014310
014366
014412
014483
014590
014609
014637
014691
014726
014797
014860
014886
014901
014912
015042
015051
015096
015102
015112
015184
015188
015196
015227
015229
015330
015337
015351
015356
015372
015436
015440
015461
015465
015542
015579
015595
015661
015755
015785
015788
015852
015883
015885
015907
015963
015980
015984
016012
016017
016057
016088
016204
016230
016378
016384
016388
016413
016417
016429
016452
016488
016503
016516
016554
016594
016648
016669
016701
016712
016779
016801
016863
016878
016920
016963
016978
017023
017114
017121
017165
017170
017181
017189
017243
017248
017265
017346
017369
017409
017413
017510
017531
017557
017582
017589
017615
017617
017673
017795
017824
017841
017883
017903
017910
017935
017948
017984
018013
018014
018021
018076
018095
018164
018180
018249
018338
018344
018365
018410
018458
018471
018575
018716
018866
019024
019072
019088
019093
019220
019313
019337
019432
019445
019481
019577
019615
019665
019677
019686
019691
019767
019797
019815
019916
019918
019920
019990
020011
020044
020058
020073
020092
020099
020111
020131
020134
020189
020195
020230
020240
020297
020332
020395
020602
020757
020919
020947
020948
021018
021043
021102
021153
021186
021211
021235
021280
021288
021366
021404
021406
021586
021651
021665
021676
021754
021755
021835
021858
021877
021886
021890
021901
021958
022054
022102
022103
022140
022150
022198
022224
022227
022262
022282
022379
022398
022418
022451
022523
022550
022551
022560
022679
022700
022782
022787
022848
022858
022865
022935
022955
022965
023027
023142
023256
023322
023334
023354
023478
023566
023576
023612
023663
023666
023726
023740
023799
023804
023909
023952
024109
024145
024237
024242
024301
024311
024445
024488
024523
024693
024721
024732
024751
024820
024836
024842
024899
024901
024905
024925
024932
025019
025055
025060
025104
025141
025215
025243
025253
025270
025277
025365
025408
025420
025478
025565
025626
025637
025655
025679
025764
025789
025804
025808
025832
025865
025955
026024
026025
026133
026222
026245
026264
026472
026501
026503
026559
026567
026676
026745
026786
026801
026895
026943
027019
027140
027203
027228
027263
027319
027340
027369
027375
027394
027397
027415
027430
027435
027444
027452
027469
027499
027568
027758
027778
027873
027890
027962
027965
028016
028020
028105
028117
028225
028230
028242
028342
028401
028402
028470
028498
028507
028548
028567
028604
028631
028644
028674
028857
028903
028938
029040
029067
029203
029230
029244
029439
029450
029512
029514
029544
029548
029561
029676
029677
029809
029862
029892
029918
029938
029957
029970
029974
030033
030061
030063
030170
030172
030310
030324
030327
030364
030498
030503
030529
030561
030642
030653
030666
030720
030730
030805
030841
030899
031019
031203
031258
031399
031400
031582
031596
031715
031735
031918
031969
031983
032005
032009
032019
032078
032137
032143
032162
032209
032221
032263
032368
032377
032392
032415
032423
032426
032486
032497
032515
032583
032590
032602
032631
032780
032787
032934
032942
032965
032980
032996
033038
033150
033161
033162
033253
033278
033309
033318
033491
033493
033506
033560
033591
033619
033671
033672
033720
033734
033748
033761
033805
033842
033859
033928
033948
033960
034050
034067
034070
034075
034116
034146
034152
034188
034293
034375
034380
034382
034433
034527
034551
034607
034621
034693
034776
034779
034784
034789
034817
034910
034925
034939
034970
034982
035005
035063
035071
035114
035126
035136
035207
035216
035319
035324
035327
035346
035358
035369
035439
035453
035481
035499
035507
035537
035603
035749
035762
035785
035804
035931
035950
035971
035990
036004
036291
036390
036394
036478
036484
036489
036504
036541
036598
036601
036675
036731
036773
036824
037001
037006
037134
037395
037397
037405
037457
037491
037593
037694
037703
037771
037850
037943
038128
038549
038654
038726
038744
038763
038839
038864
038960
038983
039048
039087
039106
039299
039330
039426
039427
039597
039614
039620
039645
039647
039782
039835
039902
039995
040030
040057
040081
040268
040274
040283
040311
040349
040360
040376
040379
040473
040480
040534
040535
040564
040565
040583
040620
040646
040727
040750
040762
040795
040813
040830
040958
041005
041034
041195
041225
041257
041275
041276
041354
041375
041384
041445
041487
041520
041539
041602
041665
041693
041709
041712
041753
041779
041904
042036
042048
042057
042085
042187
042207
042265
042279
042387
042394
042398
042514
042546
042635
042682
042746
042753
042776
042798
042834
042873
042881
043101
043112
043171
043181
043244
043265
043268
043392
043397
043562
043606
043613
043650
043670
043673
043720
043735
043737
043744
043793
043820
043857
043859
043887
043888
043900
043904
043919
043936
044043
044062
044192
044325
044329
044353
044373
044434
044449
044502
044511
044523
044542
044577
044587
044614
044626
044779
044854
044859
044902
044905
044963
045003
045019
045066
045199
045226
045287
045302
045473
045494
045511
045580
045614
045666
045714
045766
045797
045853
045862
045883
045914
046001
046044
046093
046130
046154
046155
046210
046243
046247
046294
046396
046436
046472
046576
046760
046809
046970
046990
047005
047192
047201
047228
047264
047297
047353
047362
047377
047535
047541
047561
047602
047621
047687
047778
047826
047849
047874
047971
048016
048061
048100
048156
048196
048246
048260
048263
048326
048328
048358
048377
048402
048433
048460
048499
048546
048580
048660
048766
048770
048836
048973
049016
049030
049038
049133
049149
049154
049167
049278
049288
049294
049300
049355
049504
049724
049799
049810
049915
049927
049965
049991
050016
050017
050054
050099
050136
050162
050215
050238
050268
050344
050463
050501
050523
050528
050631
050794
050795
050845
050860
051014
051047
051056
051132
051191
051201
051225
051263
051297
051362
051407
051416
051503
051525
051538
051629
051702
051729
051758
051815
051880
052093
052149
052217
052221
052262
052320
052371
052398
052410
052490
052497
052640
052641
052728
052758
052825
052839
052847
052873
052947
053071
053090
053113
053154
053234
053327
053360
053379
053429
053480
053500
053582
053633
053640
053705
053789
053876
053950
053958
054053
054100
054139
054222
054236
054263
054267
054383
054429
054430
054458
054520
054643
054644
054679
054705
054719
054757
054758
054775
054856
054896
054926
054946
054949
055068
055101
055217
055222
055223
055304
055355
055392
055419
055454
055524
055611
055612
055709
055888
055945
055974
056156
056219
056400
056411
056444
056451
056491
056538
056558
056642
056660
056667
056678
056682
056686
056715
056720
056735
056810
056857
057054
057127
057152
057196
057212
057213
057223
057225
057320
057393
057488
057679
057694
057699
057731
057811
057857
057900
057950
057963
057986
057995
057997
058203
058233
058234
058236
058239
058302
058314
058341
058384
058391
058497
058520
058550
058572
058597
058645
058662
058738
058799
058867
058974
059129
059130
059171
059247
059269
059284
059301
059308
059386
059409
059521
059533
059536
059579
059663
059673
059688
059698
059758
059775
059873
059884
059948
060030
060063
060181
060214
060250
060312
060377
060383
060412
060477
060499
060562
060568
060574
060576
060587
060614
060650
060751
060861
060891
060941
060964
061012
061054
061063
061124
061131
061154
061169
061181
061224
061302
061337
061352
061375
061395
061480
061514
061551
061604
061607
061664
061674
061701
061830
061900
061903
061916
062053
062065
062074
062118
062121
062139
062141
062143
062198
062228
062287
062351
062356
062461
062596
062724
062767
062778
062800
062862
062912
062922
062972
063034
063120
063125
063136
063163
063171
063180
063258
063297
063347
063504
063580
063584
063587
063604
063608
063625
063640
063763
063837
063848
063890
063946
064071
064074
064113
064190
064206
064241
064276
064324
064343
064408
064442
064464
064468
064544
064610
064653
064662
064680
064685
064689
064838
064892
064902
064925
064976
065040
065042
065075
065082
065134
065186
065195
065210
065299
065333
065336
065352
065380
065400
