000020
000069
000236
000246
000261
000281
000289
000574
000647
000750
000751
000877
000892
000965
001087
001242
001252
001736
001816
001954
001970
002132
002156
002163
002284
002551
002559
002603
002628
002661
002692
002723
002796
002896
002926
002975
002997
003019
003035
003096
003165
003168
003330
003525
003672
003847
003971
004120
004248
004417
004694
004726
004747
004793
004849
004875
004886
004922
005129
005213
005217
005440
005499
005527
005888
006014
006015
006071
006085
006103
006175
006254
006325
006421
006813
006814
006850
006875
006883
006961
006970
006981
007109
007211
007374
007446
007492
007613
007776
007836
007857
007973
008098
008206
008543
008718
008861
009163
009271
009294
009332
009432
009511
009581
009588
009911
009979
010113
010154
010192
010259
010292
010351
010356
010406
010508
010548
010607
010637
010743
010784
010790
010948
010954
011024
011095
011396
011450
011664
011779
011861
011885
012158
012238
012343
012765
012969
013096
013170
013597
013613
013649
013692
013964
014006
014058
014060
014066
014252
014310
014366
014574
014590
014609
014647
014687
014726
014785
014860
014972
014995
015102
015184
015310
015375
015380
015464
015542
015551
015595
015661
015755
015852
015883
015885
015928
016012
016161
016204
016230
016362
016388
016417
016583
016599
016701
016735
016787
016916
016963
017121
017227
017237
017271
017413
017615
017709
017721
017795
017913
017936
017969
018013
018180
018191
018219
018410
018510
018845
019072
019178
019206
019445
019567
019577
019618
019677
019916
019918
020099
020111
020131
020240
020296
020297
020332
020344
020384
020536
020718
020948
021018
021094
021102
021280
021366
021510
021586
021620
021676
021732
021890
022052
022054
022103
022120
022140
022282
022288
022401
022451
022503
022523
022537
022581
022700
022796
022858
022865
022965
023027
023048
023065
023076
023142
023538
023612
023666
023695
024110
024129
024237
024309
024488
024512
024791
024836
024905
024925
024932
025015
025045
025055
025096
025104
025408
025478
025535
025590
025606
025679
025804
026262
026303
026432
026676
026697
026764
026801
026966
027115
027337
027338
027394
027415
027547
027682
027758
028064
028095
028147
028238
028310
028342
028401
028497
028548
028613
028622
028723
028793
028849
028850
028905
028916
029183
029218
029230
029450
029474
029485
029561
029562
029732
029805
029809
029825
029886
029938
029957
029974
030220
030503
030666
030698
030700
030703
030726
030742
030805
031019
031190
031203
031358
031577
031689
031943
032009
032028
032064
032128
032162
032268
032271
032285
032377
032392
032437
032579
032846
032924
033096
033164
033176
033265
033328
033691
033698
033720
033761
033847
033859
034150
034267
034295
034320
034348
034370
034607
034621
034693
034779
035005
035063
035136
035207
035439
035440
035453
035481
035537
035593
035655
035762
035884
036092
036173
036189
036239
036283
036364
036394
036402
036478
036504
036574
036593
036623
036875
037238
037410
037436
037516
037575
037703
037850
037928
038075
038128
038170
038304
038328
038343
038440
038559
038562
038710
038777
038906
038912
038925
039087
039106
039109
039426
039433
039459
039606
039620
039861
039908
040167
040274
040413
040470
040473
040564
040716
040813
040948
040983
041000
041005
041040
041112
041137
041375
041388
041445
041504
041712
041820
042048
042057
042279
042285
042287
042323
042398
042400
042546
042595
042665
042949
042955
043054
043091
043112
043232
043244
043472
043562
043606
043735
043737
043900
043919
044104
044186
044449
044511
044518
044523
044542
044577
044587
044622
044626
044691
044854
044902
044992
045019
045066
045108
045152
045199
045226
045320
045403
045441
045491
045516
045604
045634
045746
045797
045862
046001
046055
046073
046247
046252
046254
046452
046733
046760
046808
046904
046943
046964
046971
046975
047005
047201
047218
047359
047377
047380
047537
047541
047577
047667
047671
047691
047694
048009
048016
048377
048555
048748
048835
049163
049259
049294
049332
049395
049724
049810
049912
049915
049927
049947
049965
050016
050237
050304
050309
050499
050501
050573
050699
050794
050814
050910
050970
051195
051273
051362
051478
051525
051593
051702
051768
051815
051880
052093
052149
052173
052211
052254
052320
052398
052410
052497
052637
052640
052648
052696
052737
052839
052847
053090
053099
053287
053393
053461
053480
053500
053532
053553
053611
053668
053674
053948
054084
054119
054141
054236
054263
054530
054576
054644
054648
054655
054686
054719
054758
054946
055013
055137
055220
055304
055332
055377
055391
055415
055419
055472
055504
055544
055778
055854
055892
056032
056183
056224
056314
056317
056540
056715
056720
056810
056857
057320
057731
057811
057922
057967
057995
057997
058010
058360
058391
058416
058513
058550
058597
058662
058776
058812
058941
059130
059201
059207
059392
059396
059442
059535
059536
059579
059709
059775
059844
059948
060132
060147
060191
060250
060312
060382
060383
060410
060479
060861
060964
060982
061404
061448
061480
061604
061701
061738
061916
062049
062065
062118
062141
062143
062482
062564
062596
062653
062800
062880
063028
063034
063171
063180
063429
063535
063580
063759
063780
063794
064204
064276
064366
064468
064498
064577
064689
064712
065059
065210
065358
065380
065400
065406
