000020
000155
000179
000225
000261
000281
000289
000352
000360
000485
000574
000647
000750
000751
000763
000808
000965
001027
001167
001242
001275
001361
001386
001642
001759
001795
001918
001970
002022
002132
002156
002419
002470
002559
002692
002723
002796
002896
002926
002997
003019
003035
003133
003165
003168
003250
003330
003645
003672
003689
003847
003932
003939
003971
004029
004062
004248
004367
004417
004689
004726
004747
004849
004870
004875
004886
005117
005123
005176
005213
005217
005221
005499
005527
005536
005548
005716
005761
005799
005806
005940
006014
006042
006090
006103
006175
006254
006332
006376
006398
006411
006592
006644
006718
006813
006814
007186
007281
007446
007492
007507
007613
007671
007754
007827
007857
007863
007899
008098
008174
008206
008279
008320
008370
008537
008543
008593
008718
008758
008884
008938
009071
009109
009283
009332
009414
009432
009444
009468
009479
009684
009821
009878
009917
009979
009994
010010
010109
010113
010136
010154
010192
010209
010259
010292
010351
010370
010406
010424
010498
010508
010607
010743
010784
010786
010790
010805
010829
010864
010906
010946
010948
010967
011071
011323
011365
011435
011450
011643
011735
011736
011879
011885
011933
012123
012381
012476
012520
012629
012633
012802
012863
012938
013008
013164
013170
013180
013268
013284
013540
013597
013613
013658
013692
013778
013868
013943
013964
014060
014066
014074
014138
014244
014278
014310
014366
014405
014412
014574
014590
014609
014637
014687
014726
014753
014781
014860
014895
014912
015102
015170
015184
015227
015229
015351
015372
015375
015436
015445
015464
015542
015579
015595
015619
015661
015755
015785
015788
015852
015883
015885
015923
016012
016088
016161
016204
016230
016286
016362
016378
016384
016388
016394
016417
016488
016503
016507
016516
016599
016701
016800
016801
016837
016878
016963
017014
017070
017098
017114
017121
017165
017170
017189
017227
017237
017248
017346
017348
017413
017615
017617
017673
017734
017795
017824
017841
017883
017903
017935
017948
017991
018013
018014
018061
018076
018095
018164
018180
018344
018410
018440
018471
018510
018575
018716
018845
019072
019088
019144
019153
019178
019337
019445
019567
019577
019677
019686
019815
019841
019916
019918
019922
019990
020044
020080
020092
020099
020111
020131
020136
020214
020240
020257
020297
020332
020399
020526
020757
020919
020947
020948
021018
021045
021094
021102
021153
021177
021280
021366
021461
021462
021574
021586
021676
021729
021732
021755
021863
021877
021890
021958
022054
022103
022119
022120
022140
022150
022282
022352
022398
022451
022523
022534
022551
022560
022700
022787
022830
022835
022858
022865
022895
022965
023027
023118
023142
023225
023256
023478
023576
023612
023666
023726
023740
023759
023864
023909
024237
024242
024301
024339
024365
024488
024516
024721
024791
024820
024836
024842
024899
024901
024905
024925
024932
025044
025055
025104
025108
025231
025355
025365
025408
025414
025420
025478
025535
025626
025637
025655
025679
025763
025764
025804
025924
025955
026066
026124
026151
026222
026264
026567
026676
026745
026757
026764
026786
026789
026801
027000
027009
027338
027340
027394
027397
027415
027452
027758
027938
027999
028016
028085
028225
028230
028238
028242
028342
028401
028402
028470
028548
028587
028617
028723
028850
028857
028973
029040
029067
029148
029203
029230
029244
029318
029450
029473
029485
029512
029561
029752
029800
029809
029857
029862
029886
029918
029938
029957
029970
029974
030061
030063
030118
030169
030170
030261
030310
030503
030572
030642
030666
030700
030726
030775
030805
030817
030854
030899
031018
031019
031077
031190
031203
031245
031385
031400
031490
031577
031606
031696
031703
031717
031754
031799
031943
031987
032005
032009
032045
032137
032143
032162
032209
032221
032263
032285
032377
032392
032436
032463
032497
032515
032556
032579
032602
032974
033096
033161
033162
033253
033265
033318
033387
033467
033506
033671
033672
033720
033734
033748
033761
033805
033859
033976
034037
034146
034206
034295
034382
034433
034551
034607
034621
034624
034693
034779
034817
034925
034939
034970
034982
035005
035063
035071
035126
035136
035207
035216
035242
035439
035440
035453
035481
035507
035537
035603
035762
035802
035804
035931
036057
036226
036239
036284
036394
036478
036504
036541
036593
036695
036773
036824
036943
036975
037006
037134
037258
037491
037590
037593
037703
037771
037850
037928
038128
038304
038343
038400
038440
038479
038503
038726
038839
038864
038960
039087
039106
039195
039426
039620
039835
039995
040030
040160
040254
040268
040274
040283
040311
040312
040413
040473
040480
040534
040564
040583
040620
040646
040708
040727
040750
040786
040795
040813
040938
040958
040983
041000
041005
041091
041112
041137
041195
041250
041275
041375
041445
041504
041520
041539
041602
041665
041693
041712
041753
041779
042036
042048
042057
042140
042265
042279
042366
042374
042398
042469
042546
042621
042635
042665
042753
042776
042873
042939
043054
043091
043101
043112
043244
043392
043397
043562
043606
043613
043650
043672
043735
043737
043744
043807
043820
043826
043859
043900
043919
043990
044062
044325
044329
044353
044417
044449
044467
044511
044523
044542
044577
044587
044614
044626
044691
044746
044759
044779
044794
044854
044902
044963
045019
045066
045199
045226
045302
045320
045441
045473
045511
045797
045862
046001
046044
046050
046093
046182
046247
046254
046472
046760
046809
046988
046990
047005
047026
047201
047297
047354
047359
047362
047377
047438
047468
047541
047561
047602
047677
047694
047778
048016
048156
048196
048206
048246
048260
048263
048326
048358
048377
048433
048463
048499
048561
048580
048766
048836
048933
049133
049163
049294
049352
049355
049556
049724
049810
049915
049927
049965
049991
050016
050017
050120
050222
050237
050304
050309
050344
050390
050456
050501
050780
050794
051132
051191
051201
051226
051362
051483
051503
051514
051525
051629
051702
051768
051815
051858
051880
051901
052093
052149
052211
052217
052262
052320
052353
052398
052410
052490
052497
052640
052641
052648
052728
052753
052758
052839
052847
052873
052905
053019
053090
053098
053154
053377
053379
053461
053480
053500
053532
053819
053887
053948
053950
053958
054007
054198
054201
054222
054236
054263
054429
054520
054576
054644
054679
054719
054758
054775
054896
054926
054946
054949
055132
055217
055223
055304
055355
055391
055415
055417
055419
055472
055544
055556
055574
055612
055886
055892
055945
055974
055992
056151
056642
056686
056715
056720
056729
056735
056810
056857
057073
057108
057196
057223
057320
057488
057699
057731
057811
057841
057950
057986
057995
057997
058116
058341
058360
058384
058391
058416
058550
058597
058642
058645
058662
058738
058799
058818
058830
059129
059130
059207
059269
059284
059308
059392
059396
059533
059536
059579
059583
059621
059673
059698
059709
059724
059775
059884
059948
060063
060181
060250
060312
060318
060383
060431
060483
060568
060650
060698
060751
060794
060861
060891
060964
061012
061054
061063
061082
061302
061346
061352
061375
061480
061502
061514
061604
061607
061701
061707
061867
061903
061916
062049
062065
062111
062118
062121
062139
062141
062143
062228
062351
062461
062596
062767
062800
062802
062835
062862
063034
063136
063171
063180
063297
063483
063517
063580
063644
063759
063796
063873
063946
064074
064154
064241
064276
064324
064408
064442
064468
064544
064577
064610
064662
064685
064689
064895
064902
064925
064989
065002
065040
065210
065336
065358
065380
065400
