000020
000155
000225
000261
000274
000281
000374
000485
000574
000628
000647
000750
000751
000965
001242
001258
001470
001918
001970
002156
002470
002559
002692
002796
002893
002896
003019
003035
003133
003165
003168
003330
003332
003847
003891
003936
004029
004417
004794
004849
004875
004886
005117
005213
005217
005271
005499
005527
005716
005799
006014
006103
006175
006254
006282
006814
007144
007281
007446
007492
007507
007857
008098
008206
008537
008718
008938
009096
009925
009970
009979
010113
010136
010192
010259
010292
010406
010508
010743
010784
010786
010790
010805
010967
011153
011450
011696
011735
011879
011885
012271
012381
013227
013597
013613
013692
013801
013964
014060
014066
014074
014228
014278
014310
014313
014360
014366
014574
014590
014609
014860
015102
015184
015351
015372
015542
015595
015661
015680
015755
015852
015883
015885
015980
016012
016204
016230
016384
016417
016488
016701
016801
016852
016963
017121
017248
017557
017615
017673
017795
017824
017883
017903
018013
018095
018180
018410
018575
019072
019359
019445
019577
019677
019916
019918
020092
020099
020111
020131
020240
020297
020332
020402
020757
020948
021018
021045
021102
021280
021366
021586
021676
021815
021835
022054
022103
022140
022282
022451
022523
022700
022858
022865
022965
023027
023142
023576
023612
023666
023740
024237
024301
024488
024721
024836
024840
024842
024881
024899
024901
024905
024925
024932
025019
025055
025104
025344
025408
025420
025478
025626
025663
025679
025764
025789
025804
025955
026157
026501
026533
026676
026802
027394
027415
027452
027758
027873
028230
028342
028401
028432
028548
028890
029230
029450
029485
029548
029561
029580
029732
029809
029862
029938
029957
029974
030503
030561
030726
030730
030805
030841
030899
030906
031019
031170
031190
031203
031400
031459
031490
032005
032009
032143
032162
032377
032392
032602
033034
033253
033671
033720
033734
033761
033859
033960
033978
034607
034621
034667
034693
034779
034784
034939
034982
035005
035063
035136
035207
035319
035439
035453
035481
035537
035760
035762
036002
036394
036478
036504
036623
037001
037006
037253
037280
037397
037703
037850
038128
038839
039087
039106
039426
039620
039621
040081
040268
040274
040283
040473
040564
040583
040646
040727
040813
040983
041005
041112
041275
041375
041445
041548
041565
041667
041712
042036
042048
042057
042279
042546
042624
042643
043112
043244
043562
043606
043732
043735
043737
043859
043900
043919
044062
044434
044449
044511
044542
044577
044587
044626
044902
045199
045226
045302
045473
045797
045862
046001
046044
046093
046247
046452
046760
047005
047201
047377
047541
047677
047778
048016
048358
048377
048432
048499
049030
049294
049355
049724
049810
049915
049927
049965
049991
050016
050017
050304
050458
050501
050523
050794
051132
051201
051362
051384
051466
051503
051525
051702
051815
051879
051880
052093
052149
052262
052320
052355
052398
052410
052497
052640
052839
052847
052873
053090
053360
053480
053500
053950
054038
054236
054263
054365
054488
054644
054719
054758
054896
054946
054949
055200
055217
055304
055392
055419
055612
055945
056431
056635
056715
056720
056810
056857
057223
057320
057380
057731
057811
057872
057995
057997
058236
058348
058391
058520
058550
058597
058662
058771
059130
059389
059521
059533
059536
059579
059775
059948
060063
060181
060250
060312
060383
060412
060751
060861
060964
061063
061480
061604
061664
061701
061903
061916
062065
062118
062141
062143
062283
062596
062800
063034
063125
063171
063180
063580
064154
064206
064276
064371
064442
064468
064689
065210
065380
065400
