000006
000020
000054
000105
000155
000225
000261
000281
000342
000485
000500
000574
000647
000659
000750
000751
000878
000892
000965
001027
001242
001258
001378
001470
001523
001641
001853
001970
002156
002355
002357
002419
002434
002559
002692
002796
002893
002896
003019
003066
003068
003133
003148
003165
003168
003274
003330
003387
003425
003428
003689
003775
003836
003843
003847
003864
003920
003936
003939
003965
004029
004056
004062
004417
004627
004689
004763
004849
004862
004870
004875
004886
004924
004990
005037
005117
005118
005213
005217
005271
005499
005527
005548
005564
005716
005799
005864
005902
005940
006014
006084
006090
006103
006175
006254
006336
006418
006644
006814
006988
007091
007126
007183
007271
007281
007446
007492
007507
007857
007863
007961
008098
008206
008279
008370
008456
008492
008537
008593
008718
008758
008884
008938
009057
009071
009468
009484
009589
009655
009821
009921
009979
010033
010077
010113
010136
010192
010216
010292
010333
010370
010406
010424
010498
010508
010549
010589
010700
010784
010790
010805
010843
010967
011071
011312
011365
011376
011398
011450
011482
011643
011696
011735
011757
011784
011879
011885
011956
012043
012063
012123
012155
012255
012259
012269
012381
012520
012629
012665
012802
012834
013008
013040
013086
013180
013204
013227
013284
013374
013467
013597
013613
013692
013693
013778
013964
014060
014066
014228
014278
014310
014366
014377
014412
014483
014574
014590
014609
014769
014838
014860
015022
015024
015042
015053
015102
015170
015184
015188
015203
015227
015351
015372
015375
015436
015542
015577
015579
015595
015619
015661
015714
015755
015785
015788
015810
015852
015883
015885
015923
015980
016012
016084
016088
016197
016204
016230
016378
016417
016488
016503
016516
016575
016600
016648
016669
016701
016712
016769
016852
016863
016878
016963
016978
017083
017121
017170
017243
017248
017413
017489
017557
017582
017615
017617
017673
017791
017795
017824
017883
017903
017933
017935
017948
017984
017991
018013
018095
018179
018180
018215
018344
018410
018423
018471
018575
018622
018716
018764
018866
018929
019013
019072
019088
019093
019337
019398
019445
019577
019665
019677
019686
019785
019815
019916
019918
019946
019990
020092
020099
020109
020111
020131
020195
020240
020290
020297
020332
020454
020602
020757
020919
020947
020948
021018
021043
021102
021202
021211
021280
021288
021366
021386
021404
021586
021676
021754
021755
021835
021877
021890
021958
022054
022103
022140
022150
022282
022398
022447
022451
022523
022530
022560
022607
022679
022700
022787
022835
022858
022865
022889
022935
022955
022965
023027
023142
023256
023399
023576
023612
023666
023726
023733
023837
024237
024242
024301
024488
024496
024515
024721
024824
024836
024842
024899
024901
024905
024932
025019
025055
025060
025104
025365
025408
025420
025478
025511
025626
025637
025655
025679
025742
025764
025789
025804
025955
026024
026216
026264
026438
026472
026501
026676
026943
027263
027350
027387
027394
027452
027477
027758
027778
027873
028016
028115
028225
028342
028401
028402
028462
028470
028498
028548
028644
028836
028863
029040
029100
029203
029230
029233
029439
029450
029548
029561
029775
029809
029862
029929
029938
029957
029970
029974
030061
030063
030119
030172
030271
030327
030364
030491
030503
030518
030561
030610
030639
030642
030653
030666
030720
030726
030730
030805
030841
030899
031019
031072
031271
031400
031437
031740
032000
032009
032072
032137
032143
032162
032196
032209
032215
032221
032263
032349
032377
032392
032415
032497
032602
032661
032744
032787
032934
032965
033161
033162
033253
033318
033387
033493
033521
033671
033672
033720
033748
033761
033805
033859
033960
034070
034188
034293
034375
034433
034507
034595
034607
034621
034693
034776
034779
034784
034925
034939
034954
034970
034982
035005
035063
035071
035126
035136
035207
035216
035319
035346
035358
035360
035439
035453
035476
035481
035507
035537
035603
035762
035785
035800
035811
035848
035931
036394
036465
036478
036504
036533
036541
036998
037001
037006
037134
037395
037397
037405
037457
037491
037636
037653
037703
037741
037771
037779
037850
038128
038489
038699
038726
038795
038839
038864
038937
038991
039048
039065
039087
039106
039285
039426
039620
039625
039835
039902
040030
040057
040081
040220
040268
040274
040283
040312
040360
040473
040480
040502
040534
040564
040583
040646
040698
040708
040795
040813
040830
040958
040983
041005
041112
041173
041225
041276
041375
041445
041460
041520
041539
041654
041693
041712
041779
042036
042048
042057
042265
042279
042398
042546
042609
042635
042730
042753
043004
043112
043244
043268
043392
043486
043562
043606
043650
043673
043735
043737
043744
043820
043857
043859
043900
043919
043936
044062
044192
044329
044422
044434
044449
044511
044542
044577
044587
044614
044626
044684
044809
044902
044905
044963
045019
045060
045199
045226
045287
045302
045305
045320
045473
045511
045580
045604
045797
045853
045862
046001
046044
046093
046247
046269
046506
046576
046654
046760
046809
046888
046990
047005
047017
047201
047233
047264
047297
047308
047362
047377
047522
047541
047561
047590
047621
047778
047954
047982
048013
048016
048196
048206
048246
048263
048307
048326
048358
048377
048402
048433
048499
048660
048693
048766
048773
048836
049030
049120
049133
049149
049288
049294
049355
049489
049589
049654
049810
049815
049830
049915
049927
049965
049991
050017
050157
050162
050215
050222
050304
050501
050523
050647
050794
050795
050804
050845
051132
051191
051227
051358
051362
051393
051416
051503
051702
051778
051815
051880
051901
052093
052149
052217
052320
052398
052410
052497
052626
052640
052641
052737
052786
052839
052847
052923
052956
053090
053154
053159
053186
053360
053480
053500
053531
053559
053705
053709
053771
053789
053800
053848
053950
054222
054236
054263
054429
054520
054573
054644
054679
054705
054719
054738
054758
054775
054825
054853
054896
054946
055101
055115
055217
055239
055304
055355
055392
055409
055419
055612
055757
055974
056016
056715
056720
056810
056843
056857
057127
057213
057220
057223
057320
057488
057598
057679
057731
057800
057811
057995
057997
058011
058103
058236
058287
058314
058341
058384
058391
058520
058550
058597
058645
058662
058730
058751
058764
058867
058974
059130
059162
059308
059521
059533
059538
059549
059673
059688
059698
059758
059948
060063
060146
060214
060250
060251
060312
060324
060383
060385
060412
060494
060568
060650
060751
060861
060863
060964
061012
061027
061054
061063
061202
061302
061319
061352
061479
061480
061500
061514
061604
061607
061664
061674
061701
061755
061795
061838
061854
061900
061916
062065
062074
062118
062139
062141
062143
062278
062282
062338
062596
062778
062800
062862
063010
063034
063116
063120
063125
063136
063163
063171
063180
063194
063297
063379
063580
063587
063604
063626
063644
063946
064003
064074
064113
064206
064241
064276
064324
064408
064442
064468
064525
064610
064662
064689
064792
064818
064902
064925
064989
065042
065210
065233
065361
065380
065400
