000020
000236
000261
000281
000289
000574
000647
000751
000965
001242
001970
002132
002156
002559
002628
002692
002796
002896
002926
002987
002997
003019
003035
003165
003168
003672
004417
004726
004849
004875
004886
005213
005217
005499
005888
006014
006103
006175
006254
006813
006814
007211
007446
007492
008098
008206
008718
009511
009581
009588
009979
010113
010192
010259
010292
010406
010508
010607
010743
010784
010790
011885
013170
013597
013692
013964
014060
014066
014310
014366
014590
014609
014647
014860
015102
015184
015375
015464
015542
015595
015661
015755
015852
015885
016012
016161
016204
016230
016388
016417
016583
016701
016963
017121
017237
017413
017615
017795
018013
018180
018331
018410
019072
019178
019577
019677
019916
019918
020099
020111
020131
020240
020297
020332
020948
021018
021102
021280
021366
021510
021676
021689
021732
021890
022054
022103
022120
022140
022282
022451
022523
022700
022858
022965
023027
023076
023612
023666
024488
024836
024905
024925
024932
025055
025104
025408
025478
025679
025804
026676
026764
026801
026966
027394
027415
028342
028401
028548
028723
028850
028905
029230
029474
029485
029561
029809
029938
029974
030094
030503
030536
030666
030805
031019
031203
031943
032009
032285
032377
032392
033720
033761
033847
033859
034295
034607
034621
034693
034779
035005
035063
035136
035207
035439
035453
035481
035537
035762
036239
036394
036478
036504
036593
037703
037797
037850
037928
038075
038128
038440
039087
039106
039426
039433
039620
040413
040473
040564
040813
040983
041005
041012
041137
041375
041712
042057
042398
042546
042595
043054
043112
043244
043562
043606
043735
043737
043900
043904
043919
044449
044511
044523
044577
044587
044626
044854
044902
045019
045066
045199
045226
045320
045491
045797
045862
046001
046247
046254
046760
047005
047201
047359
047377
047541
047577
047667
048016
048377
049724
049810
049915
049927
049965
050304
050309
050501
050794
050910
051362
051525
051702
051815
051880
052093
052149
052398
052497
052640
052839
052847
053090
053480
053500
054236
054263
054644
054946
055304
055391
055415
055419
055544
055854
056715
056720
056810
056857
057320
057731
057995
057997
058391
058513
058520
058550
058597
058662
059536
059579
059709
059775
059948
060250
060312
060383
060861
061106
061480
061604
061916
062003
062049
062065
062118
062141
062143
062596
062800
063034
063171
063580
064005
064276
064468
064498
064577
064689
065099
065210
065380
065400
