# unix_time, cycles_done, cur_path, paths_total, pending_total, pending_favs, map_size, unique_crashes, unique_hangs, max_depth, execs_per_sec
1522270455, 0, 0, 1, 1, 1, 2.03%, 0, 0, 1, 800.00
1522270460, 0, 0, 190, 190, 1, 3.36%, 0, 0, 2, 1050.93
1522270465, 0, 0, 271, 271, 1, 3.47%, 0, 0, 2, 1121.04
1522270471, 0, 0, 539, 538, 0, 4.79%, 0, 0, 2, 845.95
1522270476, 0, 0, 842, 841, 0, 5.53%, 0, 0, 2, 861.90
1522270481, 0, 38, 853, 847, 272, 5.54%, 0, 0, 2, 1290.86
1522270486, 0, 62, 861, 850, 271, 5.62%, 0, 0, 2, 1288.35
1522270491, 0, 77, 861, 846, 267, 5.62%, 0, 0, 2, 1403.54
1522270496, 0, 93, 876, 858, 273, 5.73%, 0, 0, 3, 1209.35
1522270501, 0, 116, 895, 873, 270, 5.77%, 0, 0, 3, 1377.00
1522270506, 0, 136, 896, 871, 268, 5.77%, 0, 0, 3, 1260.70
1522270511, 0, 149, 907, 878, 267, 5.78%, 0, 0, 3, 1247.77
1522270516, 0, 153, 913, 881, 263, 5.78%, 0, 0, 3, 1374.99
1522270521, 0, 162, 914, 879, 260, 5.78%, 0, 0, 3, 1329.52
1522270527, 0, 190, 917, 879, 259, 5.78%, 0, 0, 3, 1246.61
1522270532, 0, 209, 928, 885, 247, 5.83%, 0, 0, 3, 1374.51
1522270537, 0, 236, 942, 896, 246, 5.83%, 0, 0, 3, 1209.52
1522270542, 0, 239, 942, 893, 243, 5.83%, 0, 0, 3, 1268.95
1522270547, 0, 252, 954, 900, 238, 5.86%, 0, 0, 3, 1364.96
1522270552, 0, 260, 957, 901, 237, 5.86%, 0, 0, 3, 1155.99
1522270557, 0, 266, 957, 898, 234, 5.86%, 0, 0, 3, 1130.49
1522270562, 0, 291, 995, 933, 241, 5.90%, 0, 0, 3, 1101.28
1522270568, 0, 298, 996, 931, 239, 5.90%, 0, 0, 3, 1129.76
1522270573, 0, 306, 1018, 951, 246, 5.99%, 0, 0, 3, 1104.71
1522270579, 0, 319, 1018, 949, 244, 5.99%, 0, 0, 3, 5.59
1522270609, 0, 332, 1056, 985, 254, 6.05%, 0, 0, 3, 1.28
1522270614, 0, 342, 1058, 985, 252, 6.05%, 0, 0, 3, 1245.54
1522270619, 0, 349, 1058, 983, 250, 6.05%, 0, 0, 3, 1137.77
1522270624, 0, 372, 1083, 1005, 258, 6.06%, 0, 0, 3, 1138.72
1522270629, 0, 377, 1099, 1018, 259, 6.09%, 0, 0, 3, 1084.89
1522270635, 0, 385, 1099, 1016, 257, 6.09%, 0, 0, 3, 1132.79
1522270640, 0, 389, 1103, 1017, 256, 6.10%, 0, 0, 3, 1142.84
1522270645, 0, 400, 1103, 1014, 253, 6.10%, 0, 0, 3, 1127.19
1522270651, 0, 430, 1126, 1034, 253, 6.12%, 0, 0, 3, 13.76
1522270665, 0, 430, 1127, 1035, 253, 6.12%, 0, 0, 3, 1.81
1522270671, 0, 446, 1127, 1032, 250, 6.12%, 0, 0, 3, 13.43
1522270680, 0, 453, 1142, 1045, 254, 6.14%, 0, 0, 3, 4.53
1522270687, 0, 466, 1143, 1044, 252, 6.14%, 0, 0, 3, 7.77
1522270692, 0, 475, 1150, 1048, 249, 6.14%, 0, 0, 3, 1138.44
1522270700, 0, 482, 1150, 1047, 248, 6.14%, 0, 0, 3, 2.27
1522270706, 0, 485, 1150, 1046, 247, 6.14%, 0, 0, 3, 4.43
1522270712, 0, 488, 1150, 1045, 246, 6.14%, 0, 0, 3, 4.64
1522270717, 0, 505, 1188, 1081, 258, 6.20%, 0, 0, 3, 1125.69
1522270723, 0, 512, 1189, 1080, 256, 6.20%, 0, 0, 3, 11.50
1522270729, 0, 514, 1189, 1079, 255, 6.20%, 0, 0, 3, 4.21
1522270744, 0, 527, 1245, 1132, 278, 6.51%, 0, 0, 3, 1091.45
1522270749, 0, 553, 1249, 1133, 276, 6.51%, 0, 0, 3, 1470.00
1522270754, 0, 555, 1249, 1131, 274, 6.51%, 0, 0, 3, 1205.60
1522270764, 0, 556, 1249, 1130, 273, 6.51%, 0, 0, 3, 2.70
1522270769, 0, 570, 1282, 1157, 271, 6.54%, 0, 0, 3, 1110.23
1522270775, 0, 587, 1286, 1159, 270, 6.54%, 0, 0, 3, 8.80
1522270783, 0, 591, 1286, 1158, 269, 6.54%, 0, 0, 3, 0.36
1522270788, 0, 614, 1307, 1174, 266, 6.54%, 0, 0, 3, 1344.89
1522270794, 0, 626, 1311, 1174, 262, 6.54%, 0, 0, 3, 0.47
1522270801, 0, 651, 1311, 1171, 259, 6.54%, 0, 0, 3, 4.53
1522270806, 0, 662, 1335, 1192, 259, 6.56%, 0, 0, 3, 1189.75
1522270811, 0, 678, 1354, 1208, 262, 6.58%, 0, 0, 3, 1121.90
1522270818, 0, 680, 1354, 1207, 261, 6.58%, 0, 0, 3, 2.20
1522270823, 0, 700, 1370, 1219, 257, 6.59%, 0, 0, 3, 1188.51
1522270828, 0, 717, 1372, 1217, 255, 6.59%, 0, 0, 3, 1234.26
1522270833, 0, 717, 1372, 1216, 254, 6.59%, 0, 0, 3, 995.00
1522270840, 0, 735, 1379, 1221, 254, 6.60%, 0, 0, 3, 3.71
1522270854, 0, 748, 1387, 1225, 252, 6.61%, 0, 0, 3, 0.80
1522270862, 0, 766, 1402, 1234, 249, 6.62%, 0, 0, 3, 6.84
1522270868, 0, 771, 1404, 1233, 247, 6.62%, 0, 0, 3, 11.76
1522270873, 0, 778, 1404, 1231, 245, 6.62%, 0, 0, 3, 1161.03
1522270878, 0, 782, 1410, 1234, 241, 6.63%, 0, 0, 3, 1140.86
1522270890, 0, 785, 1412, 1234, 241, 6.63%, 0, 0, 3, 0.55
1522270908, 0, 793, 1419, 1238, 239, 6.63%, 0, 0, 3, 1.58
1522270915, 0, 795, 1419, 1236, 237, 6.63%, 0, 0, 3, 2.14
1522270920, 0, 806, 1451, 1263, 237, 6.65%, 0, 0, 3, 1234.74
1522270925, 0, 814, 1457, 1266, 234, 6.65%, 0, 0, 3, 1447.98
1522270930, 0, 817, 1457, 1264, 233, 6.65%, 0, 0, 3, 1370.00
1522270935, 0, 828, 1474, 1278, 232, 6.68%, 0, 0, 3, 1353.22
1522270940, 0, 843, 1474, 1274, 229, 6.68%, 0, 0, 3, 1174.63
1522270959, 0, 848, 1493, 1292, 235, 6.69%, 0, 0, 3, 2.61
1522270964, 0, 857, 1514, 1307, 234, 6.75%, 0, 0, 3, 1222.97
1522270972, 0, 874, 1518, 1305, 231, 6.76%, 0, 0, 3, 5.68
1522270977, 0, 881, 1525, 1309, 230, 6.76%, 0, 0, 3, 1065.00
1522270982, 0, 898, 1525, 1305, 226, 6.76%, 0, 0, 3, 1140.36
1522270987, 0, 905, 1528, 1305, 223, 6.76%, 0, 0, 3, 1045.66
1522271000, 0, 909, 1528, 1303, 221, 6.76%, 0, 0, 3, 4.37
1522271005, 0, 915, 1542, 1314, 221, 6.79%, 0, 0, 3, 1123.50
1522271011, 0, 924, 1543, 1313, 218, 6.79%, 0, 0, 3, 10.91
1522271016, 0, 925, 1551, 1320, 219, 6.81%, 0, 0, 3, 1350.00
1522271026, 0, 929, 1551, 1318, 217, 6.81%, 0, 0, 3, 3.60
1522271031, 0, 941, 1562, 1326, 215, 6.81%, 0, 0, 3, 1265.08
1522271036, 0, 947, 1563, 1324, 213, 6.81%, 0, 0, 3, 1179.77
1522271051, 0, 952, 1575, 1334, 212, 6.81%, 0, 0, 3, 2.47
1522271056, 0, 967, 1575, 1330, 208, 6.81%, 0, 0, 3, 1137.01
1522271064, 0, 989, 1594, 1347, 207, 6.82%, 0, 0, 3, 7.43
1522271073, 0, 995, 1594, 1345, 204, 6.82%, 0, 0, 3, 3.17
1522271080, 0, 1000, 1614, 1362, 209, 6.91%, 0, 0, 3, 6.89
1522271085, 0, 1024, 1620, 1359, 201, 6.91%, 0, 0, 3, 1052.25
1522271090, 0, 1026, 1620, 1357, 199, 6.91%, 0, 0, 3, 1080.00
1522271097, 0, 1028, 1620, 1355, 197, 6.91%, 0, 0, 3, 3.05
1522271104, 0, 1032, 1636, 1368, 200, 6.94%, 0, 0, 3, 4.41
1522271109, 0, 1036, 1646, 1375, 201, 6.95%, 0, 0, 3, 1052.58
1522271114, 0, 1042, 1646, 1373, 199, 6.95%, 0, 0, 3, 1260.00
1522271124, 0, 1049, 1651, 1375, 197, 6.95%, 0, 0, 3, 3.01
1522271129, 0, 1055, 1652, 1372, 194, 6.95%, 0, 0, 3, 1196.60
1522271135, 0, 1077, 1670, 1387, 194, 6.97%, 0, 0, 3, 1128.98
1522271140, 0, 1085, 1670, 1385, 192, 6.97%, 0, 0, 3, 1123.44
1522271145, 0, 1102, 1681, 1392, 189, 6.97%, 0, 0, 3, 1226.88
1522271150, 0, 1120, 1688, 1396, 186, 6.99%, 0, 0, 3, 1228.66
1522271155, 0, 1129, 1696, 1400, 185, 7.03%, 0, 0, 3, 1297.27
1522271160, 0, 1147, 1697, 1398, 182, 7.03%, 0, 0, 3, 1334.48
1522271165, 0, 1159, 1709, 1406, 181, 7.04%, 0, 0, 3, 1357.88
1522271170, 0, 1185, 1714, 1406, 177, 7.04%, 0, 0, 3, 1284.31
1522271175, 0, 1212, 1720, 1406, 171, 7.04%, 0, 0, 3, 1130.50
1522271181, 0, 1227, 1727, 1408, 167, 7.04%, 0, 0, 3, 1222.24
1522271186, 0, 1243, 1738, 1416, 171, 7.08%, 0, 0, 3, 1261.24
1522271191, 0, 1247, 1738, 1414, 169, 7.08%, 0, 0, 3, 1275.88
1522271196, 0, 1257, 1741, 1412, 165, 7.08%, 0, 0, 3, 1241.77
1522271201, 0, 1274, 1758, 1426, 163, 7.08%, 0, 0, 3, 1006.98
1522271206, 0, 1299, 1758, 1423, 160, 7.08%, 0, 0, 3, 1213.43
1522271211, 0, 1299, 1759, 1424, 160, 7.08%, 0, 0, 3, 4.96
1522271220, 0, 1302, 1768, 1432, 160, 7.09%, 0, 0, 3, 3.67
1522271225, 0, 1343, 1784, 1442, 165, 7.15%, 0, 0, 3, 1046.09
1522271234, 0, 1395, 1790, 1441, 161, 7.15%, 0, 0, 3, 5.75
1522271241, 0, 1406, 1800, 1449, 163, 7.16%, 0, 0, 3, 5.84
1522271247, 0, 1412, 1801, 1447, 161, 7.16%, 0, 0, 3, 14.41
1522271252, 0, 1418, 1815, 1459, 161, 7.17%, 0, 0, 3, 1142.73
1522271257, 0, 1432, 1817, 1455, 156, 7.17%, 0, 0, 3, 1484.37
1522271262, 0, 1440, 1817, 1453, 154, 7.17%, 0, 0, 3, 1157.92
1522271275, 0, 1452, 1838, 1469, 162, 7.21%, 0, 0, 3, 1368.95
1522271280, 0, 1455, 1840, 1468, 160, 7.21%, 0, 0, 3, 1331.39
1522271285, 0, 1461, 1840, 1466, 158, 7.21%, 0, 0, 3, 1119.78
1522271293, 0, 1464, 1840, 1465, 157, 7.21%, 0, 0, 3, 2.94
1522271298, 0, 1478, 1855, 1475, 157, 7.23%, 0, 0, 3, 1206.13
1522271310, 0, 1498, 1862, 1476, 157, 7.24%, 0, 0, 3, 3.14
1522271319, 0, 1500, 1862, 1474, 155, 7.24%, 0, 0, 3, 0.17
1522271324, 0, 1507, 1879, 1487, 161, 7.27%, 0, 0, 3, 1226.39
1522271330, 0, 1515, 1886, 1490, 161, 7.32%, 0, 0, 3, 17.80
1522271338, 0, 1533, 1886, 1486, 157, 7.32%, 0, 0, 3, 4.34
1522271343, 0, 1542, 1893, 1491, 157, 7.32%, 0, 0, 3, 1229.66
1522271348, 0, 1555, 1897, 1489, 152, 7.33%, 0, 0, 3, 1068.36
1522271353, 0, 1558, 1897, 1487, 150, 7.33%, 0, 0, 3, 1225.00
1522271358, 0, 1576, 1909, 1495, 153, 7.36%, 0, 0, 3, 1155.65
1522271366, 0, 1592, 1913, 1496, 152, 7.38%, 0, 0, 3, 1.03
1522271374, 0, 1600, 1913, 1493, 149, 7.38%, 0, 0, 3, 0.19
1522271380, 0, 1613, 1918, 1494, 146, 7.38%, 0, 0, 3, 12.27
1522271385, 0, 1623, 1923, 1495, 145, 7.39%, 0, 0, 3, 1338.08
1522271390, 0, 1630, 1925, 1494, 142, 7.39%, 0, 0, 3, 1111.77
1522271400, 0, 1636, 1927, 1491, 139, 7.39%, 0, 0, 3, 0.19
1522271408, 0, 1640, 1928, 1490, 138, 7.39%, 0, 0, 3, 3.79
1522271413, 0, 1648, 1938, 1496, 135, 7.39%, 0, 0, 3, 1039.36
1522271423, 0, 1666, 1938, 1493, 133, 7.39%, 0, 0, 3, 4.75
1522271432, 0, 1682, 1945, 1497, 134, 7.40%, 0, 0, 3, 0.16
1522271439, 0, 1689, 1949, 1497, 131, 7.40%, 0, 0, 3, 6.09
1522271454, 0, 1696, 1949, 1494, 128, 7.40%, 0, 0, 3, 2.05
1522271459, 0, 1710, 1989, 1530, 148, 7.68%, 0, 0, 3, 1168.08
1522271470, 0, 1711, 1989, 1529, 147, 7.68%, 0, 0, 3, 2.35
1522271481, 0, 1721, 2028, 1567, 167, 7.81%, 0, 0, 3, 2.64
1522271491, 0, 1729, 2028, 1563, 163, 7.81%, 0, 0, 3, 0.18
1522271496, 0, 1758, 2051, 1577, 156, 7.84%, 0, 0, 3, 1420.33
1522271501, 0, 1767, 2054, 1576, 153, 7.84%, 0, 0, 3, 1412.08
1522271506, 0, 1780, 2056, 1572, 148, 7.86%, 0, 0, 3, 1252.39
1522271512, 0, 1792, 2062, 1569, 140, 7.89%, 0, 0, 3, 1248.92
1522271517, 0, 1798, 2066, 1569, 138, 7.89%, 0, 0, 3, 1251.90
