000020
000110
000236
000257
000261
000281
000289
000342
000352
000407
000574
000647
000750
000751
000842
000877
000965
001087
001242
001275
001736
001816
001898
001912
001970
002132
002156
002163
002241
002419
002551
002559
002603
002628
002692
002723
002796
002896
002926
002997
003019
003035
003165
003168
003330
003645
003672
003847
003971
004177
004248
004301
004367
004417
004656
004694
004726
004849
004875
004886
004922
004983
005123
005129
005176
005213
005217
005221
005440
005499
005527
005536
005701
005885
005888
006014
006015
006026
006071
006103
006175
006254
006325
006332
006398
006411
006813
006814
006850
006883
006970
007109
007211
007374
007446
007492
007531
007613
007754
007827
007836
007857
007899
008098
008174
008206
008320
008593
008718
008861
009163
009294
009332
009479
009581
009588
009601
009684
009979
010113
010154
010192
010209
010259
010292
010406
010508
010533
010607
010637
010743
010784
010790
010834
010864
010948
011024
011095
011193
011323
011377
011396
011450
011664
011885
011933
012158
012238
012457
012476
012653
012746
012765
012969
013096
013119
013170
013597
013613
013614
013692
013805
013868
013964
014006
014060
014066
014244
014310
014332
014366
014484
014574
014590
014609
014637
014647
014687
014785
014860
015102
015184
015229
015375
015464
015542
015595
015661
015707
015755
015852
015878
015883
015885
016012
016161
016204
016230
016388
016417
016578
016583
016701
016735
016787
016878
016963
017114
017121
017165
017180
017189
017227
017237
017317
017346
017413
017562
017615
017709
017721
017795
017841
017936
017948
017969
018013
018076
018164
018180
018410
018510
018558
018754
018856
019072
019178
019445
019567
019577
019618
019677
019732
019916
019918
020044
020099
020111
020131
020240
020297
020332
020384
020500
020718
020757
020812
020895
020948
021018
021045
021094
021102
021153
021280
021366
021401
021510
021580
021586
021620
021676
021732
021890
021919
021922
022054
022103
022120
022140
022190
022282
022288
022451
022523
022551
022700
022796
022858
022865
022965
023027
023076
023142
023478
023612
023666
023670
023726
023909
024083
024110
024129
024237
024242
024309
024488
024820
024836
024867
024905
024910
024925
024932
025055
025096
025104
025324
025365
025408
025478
025655
025679
025804
025981
026222
026262
026567
026676
026745
026764
026786
026801
026966
027115
027127
027337
027338
027340
027373
027394
027415
027439
027452
027758
028064
028095
028161
028238
028242
028310
028342
028401
028412
028470
028497
028548
028593
028622
028723
028793
028850
028857
028905
029067
029106
029137
029183
029218
029230
029244
029450
029473
029485
029512
029561
029805
029809
029825
029918
029938
029957
029974
030170
030220
030310
030503
030536
030666
030700
030703
030726
030805
030850
031019
031190
031203
031770
031943
032004
032009
032028
032064
032128
032162
032271
032377
032392
032515
032846
032924
033146
033164
033328
033426
033506
033698
033720
033761
033847
033859
034267
034295
034320
034348
034535
034551
034607
034621
034693
034779
035005
035063
035136
035207
035439
035453
035481
035537
035762
035904
036239
036394
036402
036478
036504
036593
036773
036875
037134
037238
037410
037516
037575
037703
037850
037928
038075
038128
038150
038170
038328
038343
038440
038559
038777
038912
038913
038960
039061
039079
039087
039106
039109
039426
039433
039459
039606
039620
039908
040114
040167
040274
040311
040413
040470
040473
040564
040620
040716
040750
040813
040983
041005
041112
041137
041195
041375
041388
041445
041602
041665
041712
041820
042048
042057
042080
042279
042287
042323
042398
042400
042546
042595
042776
042873
042949
043044
043054
043112
043232
043244
043397
043472
043562
043606
043735
043737
043900
043919
044104
044186
044259
044353
044449
044511
044518
044523
044542
044577
044587
044626
044691
044779
044854
044902
044992
045019
045066
045108
045152
045199
045226
045320
045491
045604
045797
045811
045862
046001
046057
046073
046247
046252
046254
046403
046472
046760
046809
046864
046904
046971
047005
047201
047359
047377
047437
047541
047577
047667
048016
048260
048377
048433
048580
048835
049163
049259
049294
049395
049724
049810
049915
049924
049927
049965
050237
050304
050309
050499
050501
050699
050794
050910
051191
051273
051295
051362
051478
051525
051702
051768
051815
051880
051888
052093
052149
052173
052254
052320
052398
052403
052410
052490
052497
052640
052648
052696
052728
052758
052839
052847
053090
053099
053379
053393
053451
053461
053480
053500
053553
053603
053674
053958
054141
054201
054236
054263
054419
054530
054644
054648
054679
054686
054719
054758
054906
054926
054946
055137
055223
055304
055332
055391
055415
055419
055472
055544
055635
055854
056224
056314
056317
056642
056715
056720
056735
056810
056857
056889
057196
057320
057488
057699
057731
057811
057995
057997
058382
058391
058416
058513
058550
058597
058645
058662
058776
058799
058941
059130
059201
059269
059284
059536
059579
059678
059694
059709
059775
059884
059948
060147
060250
060312
060383
060479
060568
060637
060861
060964
061012
061118
061448
061480
061604
061701
061738
061916
062049
062065
062118
062121
062141
062143
062332
062351
062461
062482
062596
062653
062770
062800
062880
063025
063034
063171
063180
063429
063580
063780
063794
064204
064241
064276
064366
064408
064468
064498
064544
064577
064581
064685
064689
065040
065059
065210
065336
065380
065400
065406
