000006
000020
000155
000159
000225
000261
000281
000485
000500
000574
000647
000659
000750
000751
000878
000892
000965
001027
001183
001242
001258
001324
001378
001470
001523
001641
001853
001970
002156
002355
002357
002419
002434
002559
002692
002796
002893
002896
003019
003068
003133
003148
003165
003168
003274
003330
003387
003425
003689
003775
003836
003843
003847
003920
003936
003939
003965
004029
004056
004062
004417
004625
004627
004689
004763
004817
004849
004862
004870
004875
004886
004924
004990
005037
005117
005118
005213
005217
005271
005341
005499
005527
005548
005564
005716
005799
005864
005902
005940
006014
006084
006103
006175
006254
006336
006418
006644
006814
006988
007091
007126
007183
007233
007271
007281
007446
007492
007507
007857
007863
007961
008098
008206
008279
008370
008456
008492
008526
008537
008593
008718
008758
008884
008938
009057
009071
009468
009484
009589
009655
009821
009921
009979
010033
010077
010113
010136
010192
010254
010290
010292
010333
010370
010390
010406
010424
010498
010508
010549
010589
010700
010784
010790
010805
010843
010967
011071
011167
011312
011365
011376
011398
011450
011482
011643
011696
011735
011736
011757
011879
011885
011956
012043
012063
012123
012155
012255
012259
012269
012381
012629
012665
012700
012802
012834
012898
013008
013040
013086
013180
013204
013227
013284
013374
013597
013613
013692
013768
013778
013790
013964
014060
014066
014228
014278
014310
014366
014377
014412
014483
014574
014590
014609
014769
014838
014860
014912
015022
015024
015042
015053
015058
015102
015128
015184
015188
015203
015227
015351
015356
015372
015375
015436
015491
015542
015577
015579
015595
015661
015755
015785
015788
015810
015852
015883
015885
015980
016012
016084
016088
016153
016197
016204
016230
016378
016417
016488
016503
016516
016575
016594
016600
016642
016648
016669
016701
016712
016769
016852
016863
016878
016963
016978
017083
017121
017170
017243
017248
017265
017413
017419
017489
017531
017557
017582
017615
017617
017673
017791
017795
017824
017883
017903
017933
017935
017948
017984
017991
018013
018095
018141
018179
018180
018215
018344
018365
018410
018423
018471
018575
018622
018764
018866
018929
019024
019072
019088
019093
019337
019445
019564
019577
019677
019686
019785
019815
019916
019918
019920
019946
019990
020092
020099
020109
020111
020131
020240
020290
020297
020332
020454
020503
020757
020919
020947
020948
021018
021043
021102
021202
021211
021280
021288
021366
021386
021404
021586
021651
021676
021754
021755
021835
021877
021886
021890
021919
022054
022102
022103
022140
022150
022262
022282
022379
022398
022451
022523
022530
022560
022607
022679
022700
022787
022858
022865
022889
022955
022965
023027
023142
023256
023399
023576
023612
023666
023726
023733
023837
024109
024145
024237
024242
024301
024488
024496
024515
024602
024721
024836
024842
024899
024901
024905
024932
025019
025055
025060
025104
025213
025365
025408
025420
025478
025511
025626
025637
025655
025679
025742
025764
025789
025804
025955
026019
026024
026124
026172
026264
026438
026501
026676
026895
027228
027319
027350
027387
027394
027452
027477
027568
027758
027778
027873
028016
028115
028117
028225
028342
028401
028402
028462
028470
028498
028548
028583
028644
028836
028863
029040
029100
029203
029230
029233
029450
029548
029561
029775
029809
029862
029929
029938
029957
029970
029974
030033
030061
030063
030119
030172
030271
030327
030491
030503
030518
030561
030610
030639
030642
030653
030666
030720
030726
030730
030805
030841
030899
031008
031019
031072
031271
031400
031437
031596
031740
032000
032009
032072
032137
032143
032162
032196
032209
032215
032221
032263
032349
032368
032377
032392
032415
032497
032602
032631
032661
032741
032787
032934
032965
033150
033161
033162
033253
033318
033493
033521
033670
033671
033672
033720
033748
033750
033761
033859
033960
034070
034075
034089
034188
034290
034293
034375
034433
034507
034595
034607
034621
034693
034776
034779
034784
034925
034939
034970
034982
035005
035063
035071
035126
035136
035207
035216
035319
035346
035360
035439
035453
035481
035499
035507
035537
035603
035762
035811
035848
035931
036004
036394
036465
036478
036504
036533
036541
036934
036998
037001
037006
037127
037134
037155
037395
037397
037405
037457
037491
037653
037703
037741
037771
037779
037850
038128
038489
038549
038699
038726
038795
038839
038937
039048
039087
039106
039152
039426
039597
039620
039625
039835
039902
040030
040057
040072
040081
040220
040268
040274
040283
040360
040473
040480
040534
040564
040583
040646
040698
040708
040762
040795
040813
040958
040983
041005
041112
041173
041225
041276
041354
041375
041380
041445
041460
041520
041539
041654
041693
041712
041779
041874
042036
042048
042057
042085
042265
042279
042371
042398
042546
042609
042635
042641
042730
042753
042798
042826
043004
043112
043244
043268
043392
043486
043562
043606
043650
043735
043737
043744
043820
043859
043900
043904
043919
043936
044062
044192
044329
044422
044434
044449
044511
044542
044577
044587
044614
044626
044684
044809
044902
044905
044963
045019
045060
045199
045226
045287
045302
045305
045320
045473
045494
045511
045580
045604
045614
045797
045853
045862
046001
046044
046072
046093
046247
046269
046456
046506
046654
046760
046809
046905
046990
047005
047017
047201
047233
047264
047297
047308
047362
047377
047522
047541
047561
047590
047621
047762
047778
047849
047874
047954
047982
048013
048016
048031
048196
048263
048307
048326
048358
048377
048402
048433
048499
048660
048675
048693
048766
048773
048836
048909
049030
049120
049133
049149
049278
049288
049294
049355
049489
049578
049589
049654
049794
049799
049810
049815
049915
049927
049965
049991
050016
050017
050157
050162
050215
050229
050304
050428
050463
050501
050523
050528
050794
050795
050804
050845
051132
051191
051227
051243
051362
051416
051503
051702
051815
051842
051880
051901
052093
052149
052217
052320
052398
052410
052497
052626
052640
052641
052786
052839
052847
052923
052956
053090
053154
053159
053186
053234
053360
053402
053480
053500
053531
053559
053771
053800
053848
053876
053950
054222
054236
054263
054383
054429
054520
054573
054644
054679
054705
054719
054738
054758
054773
054775
054825
054853
054896
054946
055217
055239
055304
055309
055347
055355
055392
055419
055559
055612
055757
055888
055974
056016
056164
056715
056720
056810
056843
056857
057047
057127
057152
057212
057220
057223
057320
057488
057598
057679
057731
057800
057811
057950
057995
057997
058011
058103
058110
058236
058239
058287
058314
058341
058383
058384
058391
058520
058523
058550
058572
058597
058645
058662
058730
058751
058764
058867
058974
059130
059162
059247
059308
059409
059521
059533
059538
059549
059624
059673
059688
059698
059758
059948
060063
060214
060250
060312
060324
060383
060385
060412
060494
060568
060576
060650
060751
060815
060861
060863
060964
061012
061027
061063
061202
061224
061302
061352
061395
061480
061500
061514
061604
061607
061664
061674
061701
061733
061755
061795
061838
061854
061916
062024
062065
062074
062118
062139
062141
062143
062282
062338
062596
062622
062778
062800
062862
063034
063116
063120
063125
063136
063163
063171
063180
063194
063297
063379
063580
063587
063604
063626
063644
063708
063848
063946
064003
064071
064074
064113
064190
064206
064241
064276
064324
064408
064442
064468
064610
064662
064689
064792
064818
064902
064925
064989
065042
065210
065233
065333
065361
065380
065400
