000020
000069
000110
000261
000281
000289
000352
000384
000407
000485
000574
000647
000750
000751
000763
000842
000877
000965
001057
001087
001167
001242
001275
001399
001634
001704
001736
001816
001912
001954
001970
002022
002129
002132
002156
002163
002225
002241
002298
002551
002559
002603
002628
002692
002723
002796
002850
002896
002926
002956
002997
003019
003035
003042
003049
003165
003168
003250
003330
003645
003672
003847
003971
004177
004248
004301
004367
004417
004656
004694
004726
004747
004846
004849
004875
004886
004922
005117
005123
005129
005176
005213
005217
005440
005499
005502
005527
005599
005701
005716
005888
005987
006014
006015
006071
006103
006175
006254
006325
006332
006398
006411
006421
006435
006813
006814
006850
006883
006970
007188
007211
007276
007281
007374
007446
007492
007507
007613
007625
007754
007823
007827
007836
007857
008042
008098
008174
008190
008206
008320
008543
008557
008593
008718
008852
008861
009294
009332
009432
009479
009511
009549
009581
009588
009613
009684
009761
009979
010113
010120
010136
010154
010192
010209
010259
010292
010351
010406
010413
010495
010508
010607
010637
010743
010784
010790
010864
010890
010906
010948
010967
011024
011095
011193
011323
011396
011450
011551
011664
011740
011885
012158
012238
012442
012457
012476
012765
012790
012863
012969
012988
013096
013119
013170
013597
013613
013692
013964
013990
014006
014058
014060
014066
014239
014244
014310
014366
014574
014590
014609
014637
014687
014726
014785
014827
014860
014995
015102
015184
015229
015280
015283
015325
015351
015372
015375
015464
015542
015595
015661
015707
015755
015852
015883
015885
016012
016161
016204
016230
016362
016388
016417
016488
016583
016599
016701
016727
016735
016787
016810
016878
016963
017070
017079
017114
017121
017165
017227
017237
017317
017346
017413
017532
017562
017615
017709
017721
017795
017832
017841
017883
017936
017948
017969
018013
018076
018095
018141
018164
018180
018410
018510
018845
019072
019178
019206
019244
019375
019445
019567
019577
019618
019677
019732
019916
019918
020044
020099
020111
020131
020190
020240
020296
020297
020332
020384
020454
020718
020812
020895
020948
021018
021045
021062
021094
021102
021153
021280
021366
021510
021532
021586
021620
021676
021689
021732
021890
021919
022054
022103
022120
022140
022153
022190
022282
022288
022401
022451
022523
022551
022700
022796
022858
022865
022965
022967
023027
023076
023142
023433
023478
023612
023666
023726
024083
024110
024129
024237
024242
024309
024409
024488
024512
024791
024820
024836
024872
024876
024905
024925
024932
025055
025094
025104
025324
025365
025408
025420
025478
025524
025643
025655
025679
025764
025804
025981
026222
026262
026384
026432
026541
026676
026745
026764
026786
026801
026966
027115
027127
027337
027338
027340
027373
027394
027397
027410
027415
027452
027758
027921
028064
028085
028095
028147
028238
028310
028342
028401
028470
028497
028548
028593
028622
028723
028773
028793
028849
028850
028857
028905
029067
029106
029183
029218
029230
029244
029266
029450
029473
029474
029485
029512
029561
029753
029805
029809
029825
029886
029918
029938
029957
029974
030118
030170
030220
030261
030310
030378
030503
030536
030546
030666
030693
030700
030703
030726
030742
030805
030875
030899
030921
031019
031190
031203
031490
031577
031606
031698
031943
032009
032028
032064
032114
032128
032162
032271
032285
032377
032392
032437
032463
032515
032579
032610
032924
032974
033096
033164
033265
033328
033426
033506
033698
033720
033761
033847
033859
034150
034267
034295
034320
034348
034370
034551
034607
034621
034693
034779
034982
035005
035063
035099
035136
035207
035400
035439
035440
035444
035453
035481
035537
035593
035762
035884
035904
036173
036239
036341
036394
036402
036478
036593
036695
036773
036875
037134
037238
037410
037436
037516
037575
037703
037850
037928
038075
038128
038162
038170
038243
038304
038328
038343
038440
038559
038561
038777
038839
038912
038913
038960
038986
039061
039087
039106
039109
039390
039426
039433
039459
039606
039620
039908
039921
040007
040114
040167
040274
040311
040413
040418
040446
040470
040473
040564
040716
040750
040813
040983
041000
041005
041012
041112
041137
041375
041388
041445
041504
041602
041665
041712
041820
041959
041983
042019
042036
042048
042057
042108
042279
042287
042323
042398
042400
042546
042621
042665
042776
042821
042873
042949
043008
043054
043091
043112
043232
043244
043287
043445
043472
043562
043606
043650
043735
043737
043816
043900
043904
043919
043968
044062
044104
044186
044329
044449
044511
044518
044523
044542
044577
044587
044626
044691
044779
044854
044902
044992
045019
045066
045108
045152
045155
045199
045226
045302
045320
045435
045441
045604
045797
045862
045898
046001
046025
046044
046057
046073
046093
046184
046206
046247
046252
046254
046387
046403
046472
046760
046809
046904
046971
047005
047201
047359
047377
047438
047504
047537
047541
047577
047667
047677
047694
047781
047846
047945
048016
048038
048156
048260
048358
048377
048433
048463
048555
048713
048835
049163
049259
049263
049294
049395
049556
049724
049778
049810
049912
049915
049924
049927
049947
049965
050016
050120
050237
050304
050309
050499
050501
050515
050699
050780
050794
050814
050910
050970
051191
051273
051295
051362
051467
051478
051525
051702
051768
051815
051829
051880
052093
052149
052173
052204
052211
052254
052320
052398
052410
052490
052497
052594
052640
052648
052696
052728
052758
052839
052847
052899
052905
053090
053099
053319
053379
053393
053461
053480
053500
053532
053553
053611
053674
053780
053948
053958
054115
054141
054201
054236
054263
054530
054576
054644
054648
054679
054686
054719
054744
054758
054926
054946
055013
055137
055223
055304
055332
055336
055377
055391
055415
055419
055544
055762
055854
055892
055992
056032
056187
056224
056314
056317
056715
056720
056735
056810
056857
056950
057000
057223
057280
057320
057488
057621
057692
057699
057731
057811
057841
057907
057995
057997
058116
058147
058177
058360
058391
058416
058513
058515
058520
058550
058581
058597
058645
058662
058776
058799
058941
058972
059130
059201
059207
059269
059284
059392
059396
059465
059521
059533
059536
059579
059709
059775
059844
059884
059948
060058
060147
060191
060250
060312
060318
060383
060479
060568
060861
060964
061012
061060
061063
061106
061118
061375
061448
061480
061604
061701
061738
061916
062049
062065
062118
062121
062141
062143
062351
062461
062482
062596
062653
062800
062802
062880
063034
063171
063180
063429
063550
063580
063650
063780
063794
063881
063940
064154
064204
064241
064276
064366
064408
064442
064468
064498
064544
064577
064581
064605
064616
064685
064688
064689
064913
064955
065040
065059
065210
065230
065235
065336
065358
065380
065400
065406
