000020
000236
000261
000281
000574
000647
000751
001242
001970
002132
002559
002692
002796
002893
002896
002997
003019
003027
003035
003165
003168
003847
004158
004571
004849
004875
005117
005196
005213
005217
005271
006014
006103
006175
006254
006600
006814
007211
007446
007492
007972
008037
008098
008422
008718
009581
009979
010106
010113
010192
010259
010292
010406
010508
010784
010790
011187
011441
011696
011797
011996
013179
013415
013597
013692
013964
014060
014066
014224
014310
014366
014574
014590
014609
014647
014860
015102
015184
015405
015542
015595
015661
015755
015852
015883
015885
015980
016012
016204
016230
016261
016417
016488
016701
016852
016963
017121
017486
017557
017615
017795
018013
018062
018180
018410
018492
018601
019577
019677
019916
019918
020099
020111
020131
020172
020240
020297
020332
020644
020948
020964
021018
021045
021102
021196
021280
021366
021676
021689
021835
022054
022103
022140
022282
022307
022451
022523
022529
022700
022840
022858
022965
023027
023612
023666
024015
024488
024664
024836
024905
024925
025055
025104
025408
025420
025478
025537
025582
025679
026676
026801
027394
027415
027874
028401
028548
029230
029450
029485
029548
029561
029809
029938
029974
029976
030094
030289
030503
030526
030561
030661
030805
030841
031019
031430
031490
031943
032009
032377
032392
032543
033112
033382
033720
033859
034607
034621
034693
034779
034982
035005
035063
035136
035207
035311
035439
035453
035481
035537
035762
036266
036394
036478
036504
036593
037569
037703
037850
038012
038128
039087
039106
039426
039620
039652
040473
040564
040813
040983
040987
041005
041012
041112
041375
041445
041712
042057
042546
042595
043112
043244
043562
043606
043735
043737
043787
043900
043904
043919
044434
044449
044511
044523
044577
044587
044626
044854
044902
045066
045199
045226
045302
045491
045745
045797
045862
045941
046001
046093
046164
046247
046254
046702
046760
047005
047201
047377
047541
047677
048016
048072
048377
049724
049810
049915
049927
049965
050304
050409
050501
050794
050886
051240
051249
051478
051525
051702
051810
051815
051880
052093
052149
052398
052497
052640
052827
052839
052847
053090
053480
053500
053808
054033
054236
054263
054644
054758
054906
054946
055210
055304
055392
055419
055544
055684
055921
056715
056720
056810
056857
057320
057731
057811
057995
057997
058391
058550
058597
058662
059521
059536
059579
059775
059948
060250
060312
060383
060861
060994
061106
061480
061604
061664
061701
061916
062118
062141
062143
062386
062572
062596
062599
063034
063125
063141
063171
063580
064154
064276
064468
064689
065073
065380
065400
065513
