000020
000155
000225
000261
000281
000485
000574
000628
000647
000751
001242
001258
001336
001470
001579
001918
001970
002065
002156
002559
002692
002796
002893
002896
003019
003027
003035
003133
003165
003168
003847
004029
004158
004649
004849
004875
004886
005117
005213
005217
005263
005499
005799
006014
006103
006175
006254
006282
006814
007281
007446
007507
007972
008092
008098
008537
008718
008938
009152
009979
010113
010136
010192
010259
010292
010406
010504
010508
010784
010790
010805
010967
011450
011696
011735
011791
011879
012381
013227
013597
013692
013789
013801
013848
013964
014060
014066
014228
014278
014310
014366
014574
014590
014609
014860
014863
015102
015184
015372
015405
015454
015542
015595
015661
015665
015755
015812
015852
015883
015885
015980
016012
016204
016230
016384
016417
016488
016638
016701
016852
016963
017121
017248
017557
017615
017673
017795
017824
017883
017903
018013
018095
018180
018309
018410
018575
018896
019072
019178
019436
019577
019677
019916
019918
020092
020099
020111
020131
020240
020297
020332
020644
020948
021018
021045
021102
021280
021449
021676
021689
021835
022054
022103
022116
022140
022282
022451
022523
022529
022700
022858
022965
023027
023174
023293
023576
023612
023666
024301
024488
024664
024721
024836
024842
024899
024901
024905
024925
024932
025019
025055
025104
025408
025420
025478
025537
025626
025640
025679
025764
025789
025804
025955
026078
026501
026676
026701
026884
027394
027415
027417
027452
027675
027703
027873
027874
028401
028548
028780
028919
029230
029450
029485
029548
029561
029765
029809
029862
029938
029974
030503
030730
030805
030841
030899
031019
031190
031400
031459
031490
032009
032143
032293
032322
032377
032392
032543
032602
033199
033253
033671
033720
033734
033859
033921
033960
034221
034607
034621
034693
034779
034939
034982
035005
035063
035136
035207
035319
035348
035388
035439
035453
035481
035537
035762
035773
036266
036394
036478
036504
037001
037006
037397
037703
037850
038128
038839
039087
039106
039426
039620
040006
040081
040268
040283
040473
040564
040583
040646
040813
040983
041005
041012
041112
041275
041375
041445
041712
042036
042057
042546
042643
042645
043112
043244
043562
043606
043735
043737
043859
043900
043904
043919
044062
044329
044434
044449
044511
044577
044587
044626
044880
044890
044902
045199
045226
045302
045473
045797
045862
045941
046001
046044
046093
046247
046760
046792
047005
047201
047377
047541
047677
047778
048016
048072
048332
048347
048358
048377
048499
048515
049030
049355
049724
049810
049915
049927
049965
049991
050017
050458
050501
050523
050794
051132
051503
051525
051702
051815
051880
052093
052149
052262
052398
052497
052561
052640
052827
052839
052847
053090
053360
053428
053429
053480
053500
053950
054236
054263
054581
054644
054758
054797
054896
054946
055200
055217
055304
055392
055419
055612
055640
055921
055945
056431
056635
056690
056715
056720
056810
056857
056977
057223
057320
057380
057731
057811
057995
057997
058236
058391
058410
058520
058550
058597
058662
058771
058894
059130
059521
059533
059536
059579
059775
059948
060063
060181
060250
060312
060383
060412
060751
060861
061063
061072
061106
061480
061604
061664
061701
061916
062118
062141
062143
062596
062903
063034
063125
063171
063467
063580
064154
064206
064276
064442
064468
064689
064842
065380
065400
