000020
000155
000261
000281
000289
000352
000485
000574
000647
000750
000751
000763
000877
000965
001087
001242
001258
001275
001378
001393
001399
001470
001736
001816
001954
001970
002022
002132
002156
002163
002272
002298
002559
002603
002628
002692
002723
002796
002850
002896
002926
002956
003019
003049
003133
003165
003168
003330
003645
003672
003775
003847
003971
004029
004177
004198
004248
004367
004417
004438
004564
004694
004726
004747
004849
004875
004886
005117
005176
005213
005217
005440
005499
005502
005527
005536
005716
005799
005888
005987
006015
006071
006103
006175
006254
006325
006332
006411
006421
006435
006648
006813
006814
006883
006970
007281
007374
007446
007492
007507
007531
007613
007625
007721
007754
007823
007827
007836
007857
008098
008174
008206
008320
008718
008861
008938
009268
009332
009479
009581
009588
009613
009761
009921
010113
010120
010136
010154
010192
010209
010292
010406
010508
010548
010555
010607
010743
010784
010790
010805
010864
010948
010967
011024
011095
011323
011396
011450
011551
011664
011696
011879
011885
012158
012238
012252
012381
012476
012765
012969
012988
013027
013096
013170
013227
013404
013597
013613
013692
013964
014006
014058
014060
014066
014244
014310
014366
014574
014590
014609
014637
014687
014726
014785
014827
014860
014995
015102
015184
015229
015372
015375
015464
015542
015595
015661
015707
015852
015883
015885
016012
016161
016204
016230
016388
016417
016488
016583
016727
016735
016787
016963
017114
017121
017165
017189
017227
017237
017346
017413
017489
017557
017562
017615
017709
017841
017883
017903
017936
017969
018013
018076
018095
018164
018410
018510
019072
019178
019206
019375
019445
019567
019577
019618
019677
019916
019918
020044
020099
020111
020131
020190
020240
020297
020332
020384
020423
020454
020718
020757
020812
020948
021018
021094
021153
021280
021366
021510
021586
021620
021676
021689
021732
021835
021890
022054
022103
022120
022140
022153
022282
022288
022401
022451
022551
022725
022757
022796
022858
022865
022965
022967
023027
023076
023142
023478
023576
023612
023666
023695
023922
024110
024129
024237
024301
024309
024488
024512
024721
024820
024836
024899
024905
024932
025019
025055
025104
025324
025408
025420
025478
025524
025679
025764
025789
025804
025898
026222
026262
026438
026501
026676
026697
026745
026764
026786
026801
026906
026966
027115
027337
027338
027340
027394
027415
027452
027758
028064
028085
028095
028238
028310
028321
028342
028401
028477
028497
028548
028593
028622
028723
028773
028793
028849
028850
028857
028905
029067
029183
029218
029230
029244
029266
029450
029473
029485
029512
029548
029561
029732
029809
029825
029918
029938
029957
030170
030220
030310
030378
030503
030536
030546
030666
030674
030700
030726
030730
030742
030805
030841
030899
030921
031190
031203
031400
031698
032009
032028
032064
032114
032162
032271
032377
032392
032408
032437
032515
032750
032846
032918
032924
033164
033328
033506
033698
033720
033761
033807
033847
033859
033960
034150
034267
034295
034320
034348
034551
034607
034621
034629
034643
034693
034779
034784
034888
034982
035005
035039
035063
035099
035136
035207
035319
035439
035444
035453
035537
035593
035762
035804
035884
036239
036394
036418
036478
036623
036773
036875
037001
037134
037238
037397
037410
037436
037516
037575
037593
037703
037850
037928
038075
038128
038170
038328
038343
038440
038559
038710
038777
038839
038912
038925
038960
038986
039087
039106
039109
039390
039426
039433
039459
039606
039908
040081
040167
040169
040274
040283
040311
040413
040470
040473
040564
040583
040646
040716
040750
040813
040983
041005
041012
041112
041137
041205
041375
041388
041445
041504
041665
041712
042019
042036
042048
042057
042279
042323
042398
042546
042776
042949
043054
043112
043232
043244
043287
043445
043472
043562
043606
043735
043737
043816
043859
043904
043919
043968
044062
044329
044434
044449
044489
044518
044523
044542
044577
044582
044587
044603
044626
044691
044854
044902
044992
045019
045066
045108
045152
045199
045226
045302
045320
045435
045604
045746
045844
045862
045898
046001
046025
046044
046073
046093
046247
046252
046452
046472
046699
046760
046904
046971
047005
047201
047359
047377
047438
047504
047541
047577
047667
047781
047945
048016
048260
048358
048377
048433
048536
048555
049030
049051
049063
049163
049259
049294
049355
049724
049810
049912
049915
049927
049947
049965
049991
050016
050237
050272
050304
050309
050499
050501
050523
050699
050794
050814
050910
050970
051273
051362
051467
051478
051503
051525
051702
051768
051815
051880
052093
052149
052173
052180
052254
052320
052398
052410
052497
052571
052637
052640
052648
052696
052728
052758
052805
052839
052847
052956
053090
053099
053319
053360
053379
053393
053461
053480
053500
053553
053674
053780
053950
053958
054115
054141
054201
054236
054263
054530
054644
054648
054686
054719
054758
054926
054946
055013
055137
055223
055304
055332
055336
055377
055391
055392
055415
055419
055435
055504
055635
055854
056032
056224
056314
056715
056720
056735
056857
057196
057223
057280
057320
057811
057995
057997
058236
058391
058416
058513
058515
058520
058550
058597
058662
058776
058799
058859
058941
058972
059130
059201
059269
059284
059465
059533
059579
059709
059775
059948
060147
060250
060312
060383
060412
060479
060751
060861
060964
060982
061063
061106
061118
061404
061448
061480
061604
061664
061701
061916
062049
062065
062118
062141
062143
062482
062596
062653
062800
062802
062880
063125
063180
063429
063580
063759
063780
063794
063940
064204
064206
064276
064366
064442
064468
064498
064544
064577
064605
064688
065040
065059
065136
065210
065235
065380
065400
065406
