000236
000261
000281
000289
000342
000352
000407
000574
000647
000750
000751
000842
000965
001087
001242
001275
001361
001736
001816
001970
002132
002156
002163
002551
002559
002603
002723
002796
002896
002997
003019
003035
003042
003165
003168
003330
003645
003672
003847
003932
003971
004071
004248
004367
004417
004726
004846
004886
004922
004983
005129
005176
005213
005217
005221
005440
005499
005527
005885
005888
006014
006015
006026
006071
006103
006175
006254
006325
006332
006398
006411
006814
006850
006883
006970
007188
007211
007374
007446
007531
007754
007827
007836
007857
007899
007945
008174
008206
008320
008718
008861
009163
009294
009332
009479
009581
009684
009910
009979
009994
010113
010154
010192
010209
010259
010292
010406
010533
010607
010637
010784
010790
010834
010864
010946
010948
011024
011095
011323
011377
011396
011450
011664
011885
011933
012158
012238
012476
012653
012765
012969
013096
013170
013597
013613
013692
013805
013868
013964
014006
014060
014066
014244
014310
014332
014366
014484
014574
014590
014609
014637
014647
014785
014860
015102
015184
015229
015283
015325
015375
015464
015542
015595
015661
015755
015852
015878
015883
015885
016012
016161
016204
016230
016388
016417
016578
016583
016701
016735
016787
016963
017114
017121
017165
017189
017237
017346
017413
017615
017709
017721
017795
017841
017936
017969
018013
018076
018164
018180
018410
018510
018754
018856
019072
019178
019445
019567
019577
019677
019916
019918
020044
020099
020111
020131
020297
020332
020384
020500
020718
020757
020948
021018
021094
021102
021153
021580
021586
021620
021676
021890
021919
022054
022103
022140
022282
022288
022451
022523
022551
022700
022796
022858
022865
022965
023027
023076
023142
023478
023666
023670
023909
024110
024129
024237
024309
024488
024820
024836
024867
024905
024910
024925
024932
025055
025096
025104
025365
025408
025478
025679
025804
026222
026262
026567
026676
026745
026786
026801
026940
027115
027127
027337
027338
027340
027373
027394
027397
027439
027452
027758
028095
028161
028242
028310
028342
028401
028470
028497
028548
028622
028793
028850
028857
028905
029067
029183
029218
029230
029244
029450
029512
029561
029805
029809
029825
029918
029938
029957
029974
030170
030310
030503
030536
030666
030700
030703
030726
030805
030850
031019
031190
031770
031806
031943
032009
032028
032064
032128
032162
032271
032285
032377
032392
032515
032924
032974
033146
033164
033328
033506
033698
033720
033761
033847
034295
034320
034348
034535
034551
034607
034621
034779
035005
035063
035136
035207
035234
035439
035453
035481
035537
035762
035804
036239
036394
036402
036478
036504
036593
036773
036875
037134
037238
037410
037516
037575
037593
037703
037850
037928
038075
038128
038150
038170
038328
038440
038559
038912
038960
039079
039087
039106
039109
039426
039459
039606
039620
039908
040114
040167
040274
040311
040413
040470
040473
040564
040620
040716
040750
041005
041112
041137
041195
041375
041388
041445
041665
041712
041820
042048
042057
042080
042279
042287
042323
042398
042400
042546
042595
042776
042821
042826
042949
043044
043112
043232
043244
043397
043472
043562
043606
043735
043737
043900
043919
044104
044186
044353
044449
044511
044518
044523
044542
044577
044587
044626
044691
044854
044902
044992
045019
045066
045108
045152
045199
045226
045320
045491
045604
045797
045811
045862
046001
046057
046073
046247
046252
046254
046403
046472
046760
046809
046904
046971
047005
047201
047359
047377
047437
047577
047602
048016
048156
048260
048377
048433
048580
048835
049163
049259
049294
049395
049778
049810
049927
049965
050237
050309
050499
050501
050699
050780
050794
050910
051273
051295
051362
051478
051702
051768
051815
051880
051888
052093
052149
052173
052254
052320
052398
052410
052497
052640
052648
052696
052728
052758
052839
052847
053090
053099
053379
053393
053451
053461
053480
053500
053553
053603
053674
053839
053958
054141
054236
054263
054419
054421
054530
054644
054648
054679
054686
054719
054744
054758
054906
054926
054946
055137
055223
055304
055391
055419
055472
055544
056224
056314
056317
056642
056720
056735
056810
056857
057196
057320
057731
057811
057995
057997
058177
058382
058416
058550
058597
058662
058776
058799
058941
059130
059201
059269
059284
059521
059536
059678
059694
059709
059948
060250
060312
060383
060479
060861
060964
061375
061480
061701
061738
062049
062118
062141
062143
062482
062653
062767
062770
062880
063034
063171
063180
063429
063580
063780
063794
064204
064241
064276
064366
064468
064544
064577
064689
065040
065059
065210
065380
065400
