000020
000155
000225
000261
000281
000485
000574
000647
000750
000751
000965
001027
001242
001258
001470
001641
001970
002156
002470
002559
002634
002692
002796
002893
002896
003019
003035
003133
003165
003168
003330
003465
003468
003618
003775
003847
003936
004029
004062
004157
004417
004849
004875
004886
005101
005117
005213
005217
005271
005499
005527
005716
005761
005799
006014
006103
006175
006254
006814
007266
007281
007349
007446
007507
007669
007857
008098
008206
008414
008537
008718
008938
009386
009468
009979
010055
010113
010136
010192
010259
010292
010406
010508
010743
010784
010786
010790
010805
010967
011071
011226
011450
011696
011735
011777
011879
011885
012123
012381
013227
013597
013613
013692
013749
013884
013964
014060
014066
014074
014228
014278
014310
014366
014590
014609
014726
014860
015102
015184
015337
015351
015372
015440
015542
015579
015595
015661
015755
015852
015883
015885
015980
016012
016017
016204
016230
016388
016417
016488
016503
016701
016801
016963
017121
017181
017248
017413
017557
017615
017673
017795
017824
017883
017903
017910
018013
018021
018095
018096
018180
018410
018575
019072
019220
019313
019445
019577
019677
019916
019918
020092
020099
020111
020131
020189
020240
020297
020332
020757
020948
021018
021102
021280
021586
021676
021754
021835
021890
022054
022103
022140
022282
022451
022523
022676
022700
022782
022858
022865
022965
023004
023027
023142
023566
023576
023612
023666
023740
023799
024237
024301
024445
024488
024523
024721
024836
024842
024899
024901
024905
024925
024932
025019
025055
025104
025408
025420
025478
025626
025679
025764
025789
025804
025955
026501
026676
027394
027415
027452
027499
027758
027873
028230
028342
028401
028402
028548
028554
029230
029450
029548
029561
029612
029809
029862
029938
029957
029974
030503
030561
030666
030730
030805
030841
030899
031019
031203
031400
031735
032005
032009
032137
032143
032162
032377
032392
032426
032602
033038
033253
033671
033720
033734
033761
033859
033960
034607
034621
034693
034779
034784
034817
034925
034939
034982
035005
035063
035071
035126
035136
035207
035319
035327
035439
035453
035481
035507
035537
035603
035652
035749
035762
036390
036394
036478
036504
037001
037006
037397
037703
037850
037943
038128
038839
039087
039106
039299
039330
039426
039427
039620
040081
040268
040274
040283
040473
040509
040534
040564
040583
040646
040727
040813
040958
041005
041275
041375
041384
041445
041712
041779
042036
042048
042057
042279
042349
042387
042398
042546
043112
043244
043562
043606
043650
043735
043737
043793
043859
043900
043919
044062
044329
044434
044449
044511
044542
044577
044587
044626
044790
044902
045019
045199
045226
045302
045473
045797
045862
046001
046044
046093
046247
046760
047005
047201
047377
047541
047778
048016
048328
048358
048377
048499
048546
049030
049294
049340
049355
049724
049810
049915
049927
049965
049991
050016
050017
050268
050344
050501
050523
050794
051132
051201
051362
051503
051525
051538
051702
051815
051880
052093
052149
052217
052262
052320
052398
052410
052497
052640
052839
052847
052873
053071
053090
053360
053480
053500
053633
053950
054236
054263
054644
054719
054758
054896
054946
054949
055217
055304
055355
055392
055395
055419
055612
055945
056411
056444
056451
056682
056715
056720
056810
056857
057223
057320
057731
057811
057995
057997
058203
058236
058384
058391
058520
058550
058597
058662
058738
059130
059308
059521
059533
059536
059579
059775
059873
059948
060063
060250
060312
060383
060412
060562
060574
060751
060861
060964
061063
061131
061169
061181
061480
061604
061664
061701
061903
061916
062053
062065
062118
062141
062143
062228
062287
062356
062596
062724
062800
062912
062972
063034
063125
063171
063180
063258
063347
063504
063580
063946
064206
064276
064442
064468
064689
065082
065210
065380
065400
