000020
000155
000175
000225
000261
000281
000352
000485
000498
000535
000574
000628
000647
000750
000751
000965
001135
001167
001242
001258
001275
001390
001470
001641
001795
001864
001918
001970
002094
002156
002203
002225
002272
002470
002538
002559
002679
002692
002723
002796
002888
002893
002896
002926
002997
003019
003035
003133
003165
003168
003330
003476
003645
003665
003775
003847
003971
004029
004120
004157
004248
004367
004417
004726
004747
004849
004875
004886
004921
005117
005176
005213
005217
005221
005435
005499
005527
005536
005560
005716
005761
005799
005968
006014
006042
006103
006175
006254
006282
006332
006411
006774
006813
006814
007186
007281
007413
007446
007492
007507
007754
007827
007857
007899
008098
008174
008206
008314
008320
008334
008537
008543
008634
008718
008938
009109
009444
009477
009479
009588
009917
009979
010010
010109
010113
010136
010154
010192
010209
010259
010292
010351
010406
010413
010508
010607
010743
010746
010784
010786
010790
010805
010829
010864
010948
010967
011011
011069
011323
011450
011696
011735
011740
011785
011879
011885
011933
011954
011956
012158
012222
012381
012476
012574
012633
012863
012938
013227
013597
013613
013692
013800
013801
013868
013964
014060
014066
014069
014074
014244
014268
014278
014310
014366
014574
014590
014609
014637
014687
014726
014860
014895
015102
015184
015229
015280
015351
015372
015375
015395
015542
015595
015661
015755
015852
015883
015885
015980
016012
016161
016204
016230
016362
016373
016384
016388
016417
016488
016547
016599
016701
016801
016837
016963
017014
017070
017114
017121
017165
017189
017248
017291
017346
017557
017615
017673
017795
017824
017883
017903
017991
018013
018061
018076
018095
018164
018180
018226
018300
018410
018510
018575
018686
018845
018996
019072
019144
019153
019178
019445
019455
019567
019577
019677
019916
019918
019922
020044
020080
020092
020099
020111
020131
020240
020274
020297
020332
020386
020431
020526
020757
020824
020948
021018
021045
021065
021094
021102
021153
021280
021338
021366
021510
021586
021676
021835
021890
022054
022103
022119
022120
022140
022282
022352
022451
022523
022534
022551
022700
022858
022865
022895
022935
022965
023027
023118
023142
023291
023478
023576
023612
023666
023740
023909
023922
023927
024237
024301
024488
024682
024721
024791
024820
024836
024842
024844
024899
024901
024905
024925
024932
025015
025019
025050
025055
025104
025200
025408
025420
025426
025478
025626
025643
025679
025764
025789
025804
025955
026222
026384
026501
026515
026567
026590
026676
026745
026757
026786
026867
027000
027105
027165
027335
027338
027340
027394
027410
027415
027452
027758
027873
027915
028230
028238
028242
028284
028342
028401
028428
028548
028617
028723
028857
029067
029230
029244
029408
029450
029463
029473
029485
029512
029548
029561
029752
029790
029809
029862
029938
029957
029974
030170
030261
030310
030503
030721
030726
030730
030805
030841
030877
030899
031019
031077
031190
031203
031245
031400
031459
031490
031577
031717
031915
031943
032005
032009
032143
032162
032357
032377
032392
032463
032515
032556
032577
032579
032602
032639
032882
033077
033096
033253
033265
033467
033506
033564
033671
033691
033720
033734
033761
033859
033861
033959
033960
033976
034206
034295
034551
034607
034621
034693
034779
034784
034939
034982
035005
035063
035136
035207
035217
035242
035319
035439
035440
035453
035481
035537
035762
035975
036239
036284
036394
036478
036593
036695
036773
036954
036975
037006
037134
037262
037397
037590
037703
037850
037928
038058
038128
038343
038400
038479
038503
038807
038839
038960
039061
039084
039087
039102
039106
039195
039426
039433
039620
039676
039925
040007
040081
040160
040268
040274
040283
040311
040418
040473
040564
040583
040620
040646
040708
040727
040750
040813
040983
041005
041091
041112
041137
041141
041195
041200
041250
041275
041375
041445
041504
041525
041665
041712
041959
042036
042048
042057
042279
042374
042398
042546
042621
042643
042665
042776
043091
043112
043244
043397
043562
043606
043650
043672
043735
043737
043807
043859
043900
043919
044062
044104
044329
044353
044366
044434
044449
044511
044542
044577
044587
044626
044691
044708
044746
044759
044902
045019
045199
045226
045302
045320
045441
045473
045797
045862
046001
046044
046093
046182
046247
046254
046452
046472
046760
046952
047005
047026
047201
047359
047377
047438
047541
047677
047694
047778
047971
048016
048038
048050
048188
048260
048358
048377
048433
048434
048463
048499
048505
048580
048682
048780
048933
049030
049163
049294
049352
049355
049556
049724
049810
049915
049927
049965
049991
050016
050017
050063
050120
050237
050304
050344
050456
050458
050501
050515
050523
050794
051132
051201
051220
051362
051483
051503
051514
051525
051699
051702
051815
051880
052093
052149
052211
052232
052262
052320
052353
052398
052410
052497
052594
052640
052648
052728
052758
052839
052847
052873
052905
053090
053098
053248
053360
053379
053430
053461
053480
053500
053532
053799
053897
053948
053950
053958
054201
054236
054263
054576
054644
054719
054758
054896
054926
054946
054949
055132
055200
055217
055304
055332
055392
055415
055419
055544
055556
055559
055574
055612
055734
055762
055854
055945
055992
056635
056642
056702
056715
056720
056729
056735
056810
056857
057223
057320
057380
057731
057811
057841
057907
057995
057997
058116
058236
058416
058513
058520
058550
058597
058645
058662
058738
058771
058799
059129
059130
059207
059269
059284
059392
059396
059521
059533
059536
059579
059709
059724
059775
059858
059899
059948
060063
060181
060250
060312
060318
060383
060412
060483
060698
060751
060839
060861
060964
061063
061082
061480
061502
061604
061664
061701
061707
061713
061844
061903
061916
062065
062118
062141
062143
062228
062331
062596
062800
062802
062838
062994
063034
063085
063125
063171
063180
063397
063483
063517
063580
063650
063656
063759
063796
063873
064123
064154
064206
064276
064442
064468
064577
064689
064945
064955
065040
065210
065358
065380
065400
