000020
000236
000261
000281
000352
000574
000647
000751
001242
001275
001970
002132
002559
002692
002796
002893
002896
002997
003019
003035
003165
003168
003645
003847
004158
004177
004367
004571
004849
004875
005117
005176
005213
005217
005271
005536
006014
006103
006175
006254
006332
006411
006814
007211
007293
007446
007492
007507
007754
007827
008037
008098
008174
008320
008557
008718
009105
009479
009581
009979
010106
010113
010192
010209
010259
010292
010406
010459
010508
010784
010790
010864
010967
011323
011441
011696
011797
012476
013597
013692
013964
014060
014066
014244
014310
014366
014574
014590
014609
014637
014647
014860
015102
015132
015184
015229
015372
015471
015542
015595
015661
015707
015755
015852
015883
015885
015980
016012
016204
016230
016417
016488
016701
016852
016963
017114
017121
017165
017189
017346
017486
017557
017562
017615
017710
017795
017841
017863
018002
018013
018076
018164
018180
018410
018492
019577
019677
019916
019918
020044
020099
020111
020131
020172
020240
020297
020332
020812
020948
020964
021018
021045
021047
021102
021153
021196
021280
021366
021637
021676
021689
021835
022054
022103
022140
022282
022307
022451
022523
022551
022700
022858
022965
023027
023478
023612
023666
023864
024488
024664
024820
024836
024905
024925
025012
025055
025104
025169
025324
025408
025420
025478
025537
025679
025764
026222
026676
026745
026786
026801
027340
027394
027415
027902
028147
028401
028548
028593
028607
028857
028951
029067
029230
029244
029450
029473
029485
029512
029548
029561
029809
029900
029918
029938
029974
030094
030170
030310
030503
030561
030661
030805
030841
030899
031019
031190
031490
031943
032009
032377
032392
032515
032543
033382
033506
033720
033859
034366
034417
034454
034551
034607
034621
034693
034779
034982
035005
035063
035136
035207
035439
035453
035481
035537
035762
036394
036478
036504
036593
036773
037134
037703
037718
037850
038073
038128
038839
038960
039087
039106
039426
039620
039652
039739
040311
040473
040564
040750
040813
040983
041005
041012
041112
041130
041375
041445
041665
041680
041712
042057
042546
042595
042669
042776
043112
043244
043562
043606
043648
043735
043737
043900
043904
043919
044062
044402
044434
044449
044511
044523
044577
044587
044626
044854
044902
045066
045199
045226
045302
045491
045571
045745
045797
045862
045941
046001
046093
046247
046254
046472
046760
047005
047201
047220
047377
047541
047677
048016
048260
048377
048433
048520
049556
049724
049810
049915
049927
049965
050222
050304
050409
050501
050601
050794
050917
051525
051702
051815
051880
052093
052149
052398
052497
052640
052728
052758
052827
052839
052847
053090
053379
053480
053500
053958
054033
054201
054236
054263
054644
054758
054926
054946
055223
055304
055392
055419
055544
055635
056715
056720
056735
056810
056857
057223
057320
057731
057811
057995
057997
058391
058550
058597
058662
058799
059269
059284
059297
059521
059536
059579
059775
059943
059948
060120
060250
060312
060383
060433
060861
061106
061118
061480
061604
061664
061701
061916
062058
062118
062141
062143
062596
063034
063125
063171
063580
064154
064276
064468
064544
064689
065040
065073
065380
065400
065513
