000001
000054
000105
000131
000155
000225
000261
000281
000289
000352
000384
000481
000574
000608
000626
000647
000650
000662
000750
000751
000830
000858
000878
000965
001027
001052
001087
001214
001242
001252
001275
001324
001361
001367
001378
001386
001640
001645
001658
001704
001736
001816
001853
001918
001954
001970
002132
002156
002163
002298
002323
002329
002355
002357
002379
002390
002419
002481
002551
002559
002603
002655
002723
002796
002807
002896
002988
003019
003035
003042
003049
003068
003091
003133
003165
003168
003225
003274
003330
003387
003517
003623
003645
003669
003672
003689
003803
003847
003864
003887
003896
003920
003932
003939
003971
004029
004062
004078
004221
004248
004301
004367
004406
004417
004438
004458
004564
004674
004689
004726
004737
004747
004763
004835
004839
004870
004886
004888
004922
004924
004990
005085
005123
005129
005176
005213
005217
005221
005222
005308
005440
005490
005499
005527
005548
005567
005639
005678
005721
005765
005799
005806
005888
005940
006014
006015
006021
006070
006071
006084
006090
006103
006175
006254
006325
006332
006341
006376
006398
006411
006421
006530
006592
006644
006648
006814
006923
006970
006988
007019
007102
007139
007160
007233
007276
007279
007374
007446
007471
007613
007721
007754
007762
007827
007836
007857
007863
007899
008111
008127
008155
008174
008177
008206
008279
008320
008370
008456
008492
008526
008537
008543
008557
008562
008593
008684
008718
008758
008812
008825
008861
008884
008938
009057
009071
009094
009226
009268
009294
009295
009332
009376
009387
009432
009479
009511
009573
009589
009642
009681
009684
009690
009821
009921
009964
009979
009981
009994
010113
010154
010192
010209
010216
010242
010254
010259
010292
010351
010370
010406
010424
010498
010589
010592
010606
010607
010637
010784
010790
010805
010864
010890
010919
010938
010946
010948
010974
011024
011071
011082
011095
011167
011194
011241
011257
011274
011287
011312
011323
011365
011369
011376
011396
011398
011450
011577
011643
011664
011685
011696
011735
011745
011755
011879
011885
011933
011996
012045
012063
012120
012123
012149
012158
012259
012266
012269
012372
012381
012457
012476
012520
012629
012665
012765
012802
012812
012834
012846
012898
012924
012934
012969
013008
013027
013096
013119
013153
013164
013170
013180
013204
013284
013370
013467
013529
013597
013612
013613
013643
013692
013770
013778
013780
013790
013793
013868
013896
013944
014006
014058
014060
014066
014233
014236
014244
014278
014310
014366
014412
014415
014483
014574
014590
014609
014637
014678
014726
014740
014742
014785
014860
014886
014995
015042
015071
015102
015170
015184
015188
015227
015229
015375
015436
015464
015465
015471
015491
015542
015579
015595
015661
015755
015785
015788
015852
015883
015885
015906
015922
015980
015984
016012
016088
016161
016204
016230
016286
016362
016378
016384
016388
016417
016452
016503
016507
016516
016576
016583
016594
016599
016648
016669
016701
016712
016735
016787
016826
016863
016878
016894
016924
016963
016978
017114
017121
017143
017165
017170
017189
017237
017243
017248
017265
017346
017348
017369
017413
017419
017449
017489
017531
017532
017557
017582
017615
017617
017709
017716
017791
017795
017841
017903
017935
017936
017948
017969
017984
018013
018014
018054
018076
018164
018174
018180
018249
018279
018344
018410
018471
018510
018575
018617
018716
018799
018825
018845
018866
018883
019024
019072
019088
019093
019148
019178
019222
019244
019337
019375
019445
019567
019577
019677
019686
019732
019785
019797
019800
019804
019815
019841
019916
019918
019920
019921
019944
019946
019990
020011
020044
020073
020092
020099
020109
020111
020131
020172
020190
020297
020332
020365
020383
020384
020572
020602
020718
020757
020783
020919
020947
020948
020979
021018
021043
021094
021102
021109
021153
021211
021288
021386
021404
021532
021586
021607
021620
021651
021660
021676
021689
021755
021835
021877
021886
021890
021901
021919
021958
022054
022103
022140
022153
022224
022266
022282
022288
022378
022379
022398
022401
022451
022523
022550
022551
022560
022581
022593
022626
022679
022700
022725
022750
022787
022796
022848
022858
022865
022935
022955
022965
022967
023027
023065
023076
023142
023193
023256
023313
023478
023522
023539
023576
023652
023666
023726
023766
023804
023909
023952
024055
024057
024083
024109
024110
024120
024129
024144
024145
024158
024189
024237
024242
024301
024309
024311
024339
024365
024409
024488
024512
024721
024732
024791
024820
024824
024836
024842
024872
024876
024878
024899
024901
024905
024925
024932
025009
025044
025055
025088
025094
025104
025207
025230
025243
025270
025365
025408
025478
025626
025637
025655
025659
025679
025804
025825
025832
025838
025865
025898
025924
025955
025981
026024
026026
026041
026133
026222
026262
026264
026432
026460
026472
026562
026567
026618
026676
026697
026745
026786
026801
026826
026895
026906
026943
027019
027115
027140
027263
027310
027319
027337
027338
027340
027344
027375
027394
027397
027430
027435
027526
027680
027758
027778
027921
027965
027999
028016
028085
028095
028105
028147
028225
028238
028242
028309
028310
028320
028342
028401
028402
028470
028497
028498
028547
028548
028567
028622
028644
028672
028674
028773
028793
028836
028838
028849
028850
028857
028877
028905
028973
029040
029051
029067
029095
029106
029203
029218
029230
029244
029266
029439
029450
029474
029512
029530
029561
029634
029753
029800
029805
029809
029825
029862
029886
029918
029938
029957
029965
029970
029974
030033
030038
030061
030063
030170
030172
030269
030310
030324
030335
030364
030498
030503
030518
030536
030548
030622
030642
030653
030666
030693
030700
030703
030720
030726
030733
030742
030805
030854
030921
031019
031052
031055
031190
031258
031285
031338
031399
031400
031443
031577
031630
031715
031754
031969
031983
032009
032019
032022
032028
032074
032078
032114
032137
032143
032162
032173
032209
032221
032232
032233
032263
032268
032271
032368
032377
032392
032405
032408
032415
032423
032437
032475
032486
032497
032515
032535
032579
032602
032612
032642
032787
032813
032924
032934
032942
032965
032974
032980
033096
033150
033161
033162
033164
033176
033224
033253
033265
033278
033309
033318
033328
033395
033491
033493
033506
033657
033671
033672
033691
033698
033720
033748
033750
033761
033805
033807
033842
033847
033850
034050
034070
034075
034089
034146
034150
034152
034217
034290
034293
034295
034320
034348
034370
034375
034382
034433
034551
034607
034621
034629
034643
034675
034776
034779
034888
034910
034925
034956
034970
034982
035005
035063
035071
035086
035114
035126
035136
035207
035216
035285
035346
035358
035367
035369
035439
035440
035444
035453
035481
035482
035499
035507
035537
035593
035603
035640
035753
035762
035785
035802
035804
035884
035931
035961
035963
036004
036173
036231
036239
036247
036331
036364
036394
036402
036478
036504
036541
036598
036675
036773
036806
036819
036824
036875
036893
036934
036998
037001
037006
037090
037127
037134
037155
037238
037395
037405
037410
037449
037455
037457
037491
037516
037575
037593
037681
037694
037703
037771
037850
037928
038075
038128
038170
038224
038304
038328
038440
038549
038559
038561
038654
038710
038726
038744
038864
038912
038960
038970
038983
039025
039048
039061
039087
039106
039109
039129
039390
039394
039416
039426
039459
039597
039606
039614
039620
039625
039645
039647
039689
039782
039835
039902
039908
039921
039971
039986
039995
040030
040057
040072
040167
040169
040268
040274
040283
040311
040349
040360
040381
040413
040464
040470
040473
040480
040534
040564
040583
040617
040620
040646
040716
040750
040762
040786
040795
040830
040949
040958
041000
041005
041012
041034
041040
041112
041133
041137
041195
041205
041225
041257
041271
041276
041375
041380
041388
041445
041487
041504
041520
041539
041569
041596
041602
041665
041693
041709
041712
041779
041820
041904
041942
041983
042048
042057
042085
042186
042207
042265
042279
042287
042394
042398
042400
042467
042514
042546
042635
042665
042682
042693
042753
042776
042779
042798
042810
042834
042873
042881
042923
042939
042949
043004
043091
043112
043138
043181
043187
043232
043241
043244
043268
043303
043392
043397
043445
043472
043562
043606
043613
043650
043670
043673
043735
043737
043744
043816
043820
043859
043888
043900
043904
043919
043968
044055
044104
044186
044192
044299
044325
044353
044434
044449
044502
044511
044518
044523
044542
044544
044577
044582
044587
044614
044615
044626
044663
044691
044779
044797
044854
044859
044902
044963
044992
045003
045019
045066
045108
045152
045199
045224
045226
045287
045320
045435
045441
045473
045494
045511
045580
045604
045614
045746
045766
045797
045853
045862
045959
046001
046057
046072
046073
046130
046155
046184
046210
046243
046247
046252
046281
046436
046456
046472
046560
046733
046760
046809
046904
046905
046970
046971
046990
047005
047051
047054
047081
047179
047180
047201
047228
047264
047297
047317
047359
047362
047377
047438
047468
047536
047537
047561
047577
047590
047602
047621
047678
047681
047694
047778
047846
047849
047928
048004
048013
048016
048031
048061
048100
048156
048178
048196
048246
048260
048263
048294
048319
048326
048377
048402
048433
048499
048536
048555
048580
048660
048675
048766
048770
048835
048836
048973
049016
049051
049133
049149
049154
049163
049259
049278
049279
049288
049294
049300
049355
049395
049417
049421
049578
049794
049799
049810
049891
049912
049915
049924
049927
049947
049965
049991
050000
050014
050016
050017
050054
050162
050178
050185
050215
050222
050237
050238
050281
050309
050360
050457
050463
050499
050501
050523
050528
050640
050647
050699
050780
050794
050795
050814
050845
050860
050910
050935
050970
051014
051047
051132
051191
051211
051223
051243
051250
051263
051273
051297
051362
051416
051478
051503
051537
051608
051622
051629
051702
051729
051758
051768
051780
051815
051829
051842
051880
051901
052093
052149
052173
052211
052244
052254
052262
052320
052325
052371
052398
052410
052490
052497
052622
052640
052641
052648
052696
052728
052730
052758
052805
052825
052839
052847
052895
052899
052923
052932
052947
052956
053090
053099
053154
053234
053239
053379
053393
053429
053461
053470
053480
053500
053532
053553
053611
053618
053640
053674
053705
053780
053789
053948
053950
053958
054053
054088
054100
054141
054222
054236
054263
054267
054332
054336
054369
054383
054429
054458
054472
054520
054530
054576
054644
054648
054679
054686
054705
054719
054744
054748
054758
054775
054884
054896
054926
054946
055013
055068
055101
055137
055217
055223
055304
055347
055355
055356
055377
055391
055392
055409
055417
055419
055435
055470
055559
055612
055709
055886
055888
055892
055921
055957
055974
056032
056156
056181
056224
056314
056317
056343
056349
056397
056402
056485
056538
056560
056642
056667
056686
056720
056735
056743
056769
056810
056837
056857
056950
057000
057047
057054
057096
057127
057152
057196
057212
057213
057320
057488
057621
057679
057699
057731
057811
057963
057995
057997
058011
058302
058314
058341
058360
058384
058416
058497
058515
058523
058550
058597
058645
058662
058776
058799
058859
058867
058886
058941
058974
059129
059130
059171
059207
059247
059269
059284
059301
059308
059392
059396
059409
059521
059536
059663
059673
059688
059698
059709
059727
059758
059884
059948
060058
060063
060146
060181
060214
060233
060250
060251
060312
060362
060376
060383
060431
060477
060479
060494
060499
060568
060576
060587
060614
060650
060751
060797
060861
060891
060964
060981
061012
061054
061060
061106
061112
061154
061227
061302
061352
061373
061375
061395
061480
061514
061607
061664
061674
061701
061738
061830
061900
061917
062024
062049
062068
062074
062118
062121
062139
062141
062143
062188
062198
062278
062351
062361
062461
062482
062619
062622
062653
062767
062778
062802
062862
062880
062922
062968
063034
063120
063125
063136
063140
063163
063171
063180
063297
063309
063429
063447
063580
063584
063587
063604
063608
063626
063630
063640
063644
063724
063759
063763
063780
063794
063848
063881
063897
063946
064074
064113
064135
064190
064204
064241
064276
064330
064391
064408
064468
064544
064577
064581
064610
064616
064631
064653
064662
064685
064688
064689
064818
064892
064902
064913
064925
064928
064989
065040
065042
065059
065136
065195
065210
065336
065358
065380
065400
