000020
000057
000155
000213
000225
000246
000261
000281
000289
000352
000407
000415
000485
000525
000574
000628
000647
000750
000751
000763
000842
000877
000892
000965
001087
001188
001214
001242
001258
001275
001378
001393
001399
001470
001524
001530
001641
001658
001704
001736
001816
001918
001954
001970
002001
002022
002156
002163
002272
002284
002295
002298
002355
002551
002559
002603
002628
002661
002692
002723
002796
002800
002807
002850
002896
002926
002975
003019
003035
003042
003049
003096
003133
003165
003168
003225
003274
003330
003525
003623
003645
003672
003775
003847
003941
003971
004029
004071
004117
004120
004177
004198
004248
004367
004417
004438
004564
004694
004726
004737
004747
004763
004793
004846
004849
004875
004886
004922
005117
005129
005176
005213
005217
005440
005445
005499
005502
005503
005527
005536
005619
005716
005752
005799
005888
006014
006015
006071
006085
006103
006175
006254
006282
006325
006332
006341
006411
006421
006435
006648
006813
006814
006850
006883
006923
006961
006970
006981
006986
007058
007188
007281
007374
007446
007492
007507
007613
007704
007721
007754
007776
007827
007836
007850
007857
008076
008098
008174
008206
008320
008398
008404
008537
008543
008718
008861
008938
009226
009252
009268
009271
009294
009332
009432
009477
009479
009511
009588
009649
009761
009911
009921
009979
010113
010136
010154
010192
010209
010242
010259
010292
010351
010356
010406
010508
010548
010607
010612
010637
010743
010784
010790
010805
010864
010948
010967
011011
011024
011095
011213
011274
011287
011323
011369
011396
011450
011494
011549
011664
011696
011735
011755
011779
011861
011879
011885
012045
012097
012120
012158
012222
012238
012252
012343
012372
012381
012476
012653
012765
012846
012898
012969
013027
013044
013050
013096
013170
013227
013413
013597
013612
013613
013649
013692
013801
013964
014006
014058
014060
014066
014233
014244
014278
014310
014366
014415
014574
014590
014609
014637
014687
014726
014785
014827
014860
014895
014972
014995
015102
015184
015229
015283
015325
015372
015375
015380
015464
015471
015542
015551
015595
015661
015707
015755
015852
015883
015885
015906
015928
016012
016161
016204
016230
016362
016384
016388
016417
016488
016576
016583
016599
016701
016727
016735
016787
016916
016924
016963
017114
017121
017143
017165
017179
017189
017227
017237
017248
017271
017346
017413
017419
017489
017557
017562
017615
017673
017709
017716
017721
017795
017824
017841
017872
017883
017903
017913
017936
017969
018013
018076
018095
018164
018180
018191
018219
018410
018510
018575
018723
018845
018883
019054
019072
019178
019206
019445
019492
019567
019577
019618
019677
019804
019816
019854
019916
019918
019921
020044
020092
020099
020111
020131
020172
020190
020240
020296
020297
020332
020344
020383
020384
020423
020427
020454
020458
020688
020718
020757
020812
020948
021018
021094
021102
021153
021280
021366
021401
021510
021586
021620
021676
021732
021835
021890
021919
022054
022103
022120
022140
022153
022282
022288
022401
022451
022503
022523
022537
022551
022581
022700
022725
022749
022750
022796
022858
022865
022965
022967
023027
023048
023065
023076
023142
023193
023478
023522
023538
023576
023612
023666
023695
023922
024110
024129
024165
024191
024237
024301
024309
024488
024512
024721
024791
024820
024836
024842
024899
024901
024905
024925
024932
025002
025009
025015
025019
025045
025055
025096
025104
025324
025408
025420
025478
025535
025590
025606
025626
025659
025679
025758
025764
025789
025804
025825
025838
025955
026026
026222
026262
026303
026417
026501
026562
026676
026697
026716
026745
026757
026764
026786
026867
026906
026966
027115
027127
027337
027338
027340
027373
027394
027415
027452
027547
027682
027758
027873
027881
028064
028085
028095
028147
028238
028309
028310
028342
028401
028497
028548
028593
028622
028723
028749
028773
028793
028849
028850
028857
028905
028916
029067
029095
029174
029183
029218
029230
029244
029266
029450
029473
029474
029485
029512
029548
029561
029562
029732
029752
029805
029809
029825
029862
029886
029918
029938
029957
029974
030170
030220
030310
030503
030536
030546
030666
030700
030703
030726
030730
030742
030805
030841
030899
030921
031019
031052
031190
031203
031245
031338
031400
031459
031577
031689
031698
032009
032028
032064
032100
032114
032128
032143
032162
032232
032268
032271
032377
032392
032408
032437
032475
032515
032579
032602
032610
032827
032846
032924
032975
033096
033164
033176
033224
033253
033265
033305
033328
033395
033506
033671
033691
033698
033720
033733
033750
033761
033807
033847
033850
033859
033960
034150
034183
034267
034295
034320
034348
034370
034551
034607
034621
034629
034643
034675
034693
034779
034784
034888
034939
034982
035005
035039
035063
035067
035136
035207
035319
035400
035439
035440
035444
035453
035481
035537
035593
035655
035762
035777
035804
035884
035961
035979
036173
036189
036239
036283
036364
036394
036402
036478
036504
036574
036623
036678
036773
036875
036985
037001
037006
037134
037238
037397
037410
037436
037516
037575
037593
037630
037681
037703
037850
037895
037925
037928
038001
038075
038128
038170
038271
038304
038328
038343
038440
038559
038562
038710
038777
038813
038839
038906
038912
038925
038960
039087
039106
039109
039390
039426
039433
039459
039606
039620
039689
039745
039861
039872
039908
039971
040081
040114
040167
040169
040268
040274
040283
040311
040413
040470
040473
040564
040583
040646
040716
040750
040755
040813
040948
040983
041000
041005
041112
041137
041141
041205
041375
041388
041445
041504
041665
041712
041820
042036
042048
042057
042108
042279
042285
042287
042290
042323
042398
042400
042490
042546
042643
042665
042764
042776
042821
042826
042949
042955
043004
043054
043091
043112
043138
043232
043244
043445
043472
043562
043606
043735
043737
043816
043859
043900
043919
043968
044055
044062
044104
044186
044329
044434
044449
044511
044518
044542
044577
044582
044587
044603
044622
044626
044691
044713
044737
044797
044902
044992
045019
045108
045152
045199
045226
045302
045320
045403
045419
045435
045441
045473
045516
045604
045634
045746
045797
045811
045844
045862
045898
046001
046025
046044
046055
046073
046093
046236
046247
046252
046289
046387
046403
046452
046467
046472
046495
046699
046733
046760
046864
046904
046943
046964
046971
046975
047005
047179
047201
047359
047377
047380
047438
047504
047537
047541
047577
047590
047667
047671
047681
047691
047694
047778
048009
048013
048016
048159
048188
048260
048358
048377
048433
048499
048536
048555
048748
048810
048835
049030
049051
049063
049163
049259
049294
049332
049355
049395
049680
049724
049778
049810
049912
049915
049927
049947
049965
049991
050014
050016
050017
050237
050304
050309
050438
050458
050499
050501
050523
050573
050699
050794
050814
050910
050970
051124
051132
051195
051223
051273
051295
051336
051362
051478
051503
051514
051525
051702
051716
051768
051815
051880
052093
052149
052173
052180
052211
052221
052254
052262
052303
052320
052398
052410
052497
052637
052640
052648
052696
052728
052730
052737
052758
052805
052839
052847
052895
052956
053090
053099
053239
053269
053287
053319
053360
053379
053393
053422
053461
053480
053500
053532
053537
053553
053611
053674
053780
053948
053950
053958
054084
054088
054119
054140
054141
054201
054211
054236
054263
054332
054369
054387
054421
054447
054472
054522
054530
054576
054644
054648
054655
054686
054719
054744
054758
054896
054926
054946
055013
055137
055200
055217
055220
055223
055304
055322
055332
055377
055391
055392
055415
055419
055435
055504
055612
055632
055635
055680
055686
055778
055845
055854
055886
055892
056032
056180
056183
056187
056224
056314
056317
056485
056490
056540
056635
056715
056720
056735
056743
056769
056810
056857
056941
057039
057047
057196
057223
057320
057380
057614
057692
057731
057811
057922
057967
057995
057997
058010
058026
058177
058236
058360
058391
058416
058513
058515
058520
058550
058597
058638
058662
058771
058776
058799
058859
058941
058972
059033
059130
059201
059207
059269
059284
059392
059396
059449
059465
059521
059533
059535
059536
059579
059709
059775
059844
059948
060063
060132
060147
060181
060191
060250
060312
060382
060383
060410
060412
060479
060751
060861
060877
060964
060982
061063
061118
061373
061404
061448
061480
061604
061664
061701
061738
061916
062049
062065
062068
062118
062141
062143
062188
062482
062564
062596
062653
062793
062800
062802
062880
063028
063034
063125
063171
063180
063230
063429
063550
063580
063759
063780
063794
063881
063897
063940
064204
064206
064276
064366
064442
064468
064498
064544
064577
064688
064689
064712
064818
065040
065059
065136
065210
065233
065235
065292
065335
065358
065380
065400
065406
