000020
000155
000224
000261
000281
000289
000352
000485
000488
000574
000647
000662
000750
000751
000763
000877
000892
000965
001087
001242
001258
001275
001378
001393
001399
001470
001704
001736
001816
001954
001970
002022
002132
002156
002163
002272
002284
002298
002551
002559
002603
002628
002692
002723
002796
002834
002896
002926
003019
003042
003049
003096
003126
003133
003165
003168
003225
003330
003525
003645
003672
003775
003803
003847
003932
003941
003971
004029
004120
004177
004198
004248
004367
004417
004438
004694
004726
004747
004763
004793
004849
004875
004886
004888
004922
005117
005129
005176
005213
005217
005440
005499
005527
005536
005716
005721
005799
005888
006015
006071
006103
006175
006254
006325
006332
006411
006421
006435
006648
006813
006814
006850
006883
006970
007058
007281
007289
007302
007374
007446
007492
007507
007531
007613
007721
007754
007776
007804
007827
007836
007857
007904
008098
008174
008206
008320
008389
008543
008718
008861
008938
009080
009278
009294
009295
009332
009337
009432
009479
009505
009581
009588
009761
009921
010113
010136
010154
010192
010209
010292
010351
010406
010508
010548
010555
010607
010637
010743
010784
010790
010805
010864
010937
010948
010954
010967
011024
011095
011241
011257
011323
011396
011450
011537
011664
011685
011696
011879
011885
012158
012343
012381
012476
012765
012924
012969
013027
013096
013170
013227
013404
013597
013613
013649
013692
013964
014006
014058
014060
014061
014066
014244
014310
014366
014574
014590
014609
014637
014687
014726
014785
014860
014995
015102
015163
015184
015229
015372
015375
015464
015542
015551
015590
015595
015661
015707
015852
015883
015885
015888
015928
016012
016161
016204
016230
016362
016388
016417
016488
016583
016599
016735
016787
016963
017114
017121
017165
017189
017227
017237
017271
017346
017413
017489
017557
017562
017615
017709
017721
017841
017872
017883
017903
017936
017969
018013
018076
018095
018164
018410
018510
018845
019072
019178
019206
019445
019567
019577
019618
019677
019916
019918
020044
020099
020111
020131
020190
020240
020296
020297
020332
020344
020384
020423
020427
020688
020718
020757
020812
020948
021018
021094
021153
021245
021280
021366
021510
021586
021620
021676
021732
021835
021890
021919
022052
022054
022103
022120
022140
022153
022282
022288
022401
022451
022503
022551
022581
022796
022858
022865
022965
022967
023027
023048
023076
023142
023313
023478
023504
023576
023612
023666
023695
023922
024110
024129
024172
024191
024237
024301
024309
024353
024488
024512
024545
024721
024791
024820
024836
024899
024901
024905
024932
025015
025019
025055
025096
025104
025207
025324
025408
025420
025478
025659
025679
025764
025789
025804
025955
026174
026222
026262
026417
026438
026501
026562
026676
026697
026745
026764
026786
026801
026966
027115
027337
027338
027340
027394
027415
027452
027682
027758
027761
027881
028064
028095
028147
028238
028310
028342
028401
028497
028548
028593
028622
028723
028773
028793
028838
028849
028850
028857
028905
028916
029067
029218
029230
029244
029266
029450
029473
029485
029512
029548
029561
029562
029626
029732
029805
029809
029825
029853
029886
029918
029938
029957
030087
030170
030220
030310
030339
030503
030536
030666
030698
030700
030703
030726
030730
030742
030805
030841
030899
031190
031203
031295
031400
031577
031597
031624
031689
031698
032009
032024
032028
032064
032114
032128
032162
032232
032268
032271
032377
032392
032408
032437
032515
032579
032602
032846
032918
032924
033096
033164
033176
033265
033328
033506
033691
033698
033720
033761
033796
033807
033847
033850
033859
033960
034150
034267
034278
034295
034320
034348
034370
034551
034607
034621
034629
034693
034779
034784
034982
035005
035039
035063
035136
035207
035319
035439
035440
035444
035453
035537
035593
035762
035804
035884
036173
036189
036231
036239
036263
036283
036309
036364
036394
036402
036478
036574
036623
036773
036875
037001
037134
037238
037397
037516
037575
037593
037703
037850
037928
038075
038128
038170
038224
038271
038304
038328
038343
038440
038559
038562
038710
038777
038839
038874
038912
038925
038960
039087
039106
039109
039390
039426
039433
039459
039484
039606
039689
039768
039781
039908
040081
040167
040274
040283
040311
040413
040470
040473
040564
040583
040646
040716
040750
040755
040813
040836
040948
040983
041000
041005
041112
041133
041137
041375
041388
041445
041504
041604
041665
041712
041820
042036
042048
042057
042063
042064
042244
042279
042285
042287
042290
042398
042400
042546
042665
042672
042776
042783
042949
042955
043004
043054
043091
043112
043232
043244
043303
043433
043445
043472
043562
043606
043735
043737
043816
043859
043919
043968
044062
044104
044186
044329
044434
044449
044461
044518
044523
044542
044577
044582
044587
044603
044626
044691
044737
044854
044902
044992
045019
045066
045108
045152
045199
045226
045302
045320
045435
045441
045604
045634
045746
045844
045862
045968
046001
046025
046044
046055
046073
046093
046247
046252
046289
046452
046472
046541
046699
046733
046760
046904
046964
046971
047005
047201
047317
047350
047359
047377
047438
047537
047541
047577
047667
047694
047928
047981
048016
048159
048260
048358
048377
048433
048536
048555
048748
048835
049030
049051
049063
049163
049259
049294
049332
049355
049395
049556
049724
049810
049889
049891
049912
049915
049927
049947
049965
049991
050016
050199
050237
050272
050304
050309
050499
050501
050523
050699
050794
050814
050910
050970
051211
051362
051478
051503
051525
051702
051768
051815
051841
051880
052093
052149
052173
052180
052211
052254
052320
052398
052410
052497
052571
052637
052640
052648
052696
052715
052728
052737
052758
052839
052847
052956
053090
053319
053355
053360
053379
053393
053461
053480
053500
053532
053553
053611
053668
053674
053780
053948
053950
053958
054119
054201
054236
054263
054387
054530
054576
054644
054648
054651
054655
054686
054719
054744
054758
054795
054926
054946
055013
055137
055217
055223
055294
055304
055332
055335
055377
055391
055392
055415
055419
055435
055504
055600
055635
055854
055892
056032
056183
056224
056314
056317
056630
056715
056720
056735
056771
056857
057196
057223
057265
057320
057366
057536
057811
057995
057997
058010
058178
058236
058302
058360
058391
058416
058513
058515
058520
058550
058597
058662
058776
058799
058812
058859
058941
059130
059207
059269
059284
059392
059396
059442
059465
059533
059535
059579
059709
059775
059844
059948
060063
060147
060191
060250
060312
060382
060383
060412
060479
060751
060861
060877
060964
060982
061063
061118
061276
061404
061448
061480
061604
061664
061701
061738
061916
062049
062065
062118
062141
062143
062188
062482
062596
062653
062800
062802
062880
063028
063125
063180
063429
063535
063580
063759
063780
063794
063881
064072
064204
064206
064276
064442
064468
064498
064544
064577
064688
064940
065040
065059
065136
065210
065358
065380
065400
065406
