000020
000069
000110
000155
000224
000225
000246
000261
000281
000289
000352
000384
000407
000485
000574
000628
000647
000662
000750
000751
000763
000842
000892
000965
001087
001214
001242
001258
001275
001378
001393
001399
001470
001641
001704
001736
001816
001912
001918
001954
001970
002022
002156
002163
002241
002298
002419
002551
002559
002603
002628
002661
002692
002723
002796
002896
002926
002975
003019
003035
003042
003049
003096
003126
003133
003165
003168
003225
003274
003330
003573
003645
003672
003775
003803
003847
003971
004029
004177
004198
004248
004301
004367
004417
004438
004538
004656
004726
004747
004763
004793
004846
004849
004875
004886
004888
004922
005117
005123
005129
005153
005176
005213
005217
005440
005499
005527
005536
005701
005716
005721
005799
005888
006014
006015
006021
006071
006103
006175
006254
006282
006325
006332
006411
006421
006435
006603
006648
006813
006814
006850
006961
006970
006981
007188
007276
007281
007289
007374
007446
007492
007507
007613
007721
007754
007776
007827
007836
007857
008098
008174
008206
008320
008537
008543
008557
008593
008718
008861
008938
009080
009271
009294
009295
009332
009432
009477
009479
009511
009588
009601
009684
009893
009921
009979
010113
010136
010154
010192
010209
010259
010292
010351
010356
010406
010508
010607
010637
010743
010784
010790
010805
010864
010948
010967
011024
011095
011193
011241
011257
011323
011328
011396
011450
011664
011685
011696
011735
011779
011879
011885
012158
012222
012266
012381
012457
012476
012653
012721
012765
012924
012969
013027
013096
013119
013170
013227
013370
013597
013613
013692
013801
013819
013964
014006
014058
014060
014061
014066
014162
014192
014244
014278
014310
014366
014574
014590
014609
014637
014687
014726
014785
014860
014895
014972
014995
015102
015163
015184
015229
015283
015325
015372
015375
015464
015542
015551
015590
015595
015661
015693
015707
015755
015852
015883
015885
015888
016012
016161
016204
016230
016362
016384
016388
016417
016488
016583
016599
016701
016735
016787
016878
016947
016963
017114
017121
017165
017189
017227
017237
017248
017271
017317
017346
017413
017489
017532
017557
017562
017615
017709
017721
017795
017841
017872
017883
017903
017913
017936
017948
017969
018013
018076
018095
018164
018180
018191
018219
018220
018410
018510
018575
018825
018845
018920
019072
019178
019206
019244
019375
019445
019447
019567
019577
019677
019732
019916
019918
019935
020044
020092
020099
020111
020131
020190
020240
020296
020297
020332
020344
020384
020423
020688
020718
020757
020812
020895
020948
020961
021018
021094
021102
021153
021245
021280
021366
021510
021532
021586
021620
021676
021732
021835
021890
021919
022054
022103
022120
022140
022153
022190
022282
022288
022378
022401
022451
022503
022523
022537
022551
022581
022593
022700
022796
022858
022865
022965
022967
023027
023048
023065
023076
023142
023313
023478
023538
023576
023612
023666
023726
023922
024083
024110
024129
024237
024242
024301
024309
024409
024488
024512
024721
024791
024820
024836
024842
024872
024876
024899
024901
024905
024925
024932
025019
025045
025055
025094
025096
025104
025207
025324
025365
025408
025420
025478
025535
025554
025606
025626
025655
025659
025679
025764
025789
025804
025955
025981
026174
026222
026262
026417
026501
026562
026676
026745
026757
026764
026786
026867
026966
027115
027127
027337
027338
027340
027373
027394
027415
027452
027682
027758
027873
027921
028028
028064
028095
028147
028238
028309
028310
028342
028401
028470
028497
028548
028593
028613
028622
028723
028773
028793
028838
028849
028850
028857
028905
029067
029106
029218
029230
029244
029266
029292
029450
029473
029474
029485
029512
029548
029561
029562
029752
029753
029805
029809
029825
029853
029862
029886
029918
029938
029957
029974
030087
030170
030269
030310
030503
030536
030666
030693
030700
030703
030726
030730
030742
030805
030841
030899
030921
031019
031190
031203
031295
031338
031400
031459
031577
031689
031698
032009
032028
032114
032128
032143
032162
032232
032268
032271
032377
032392
032408
032437
032515
032579
032602
032610
032846
032924
033096
033164
033176
033253
033265
033328
033426
033506
033626
033671
033691
033698
033720
033761
033807
033847
033850
033859
033960
034150
034267
034295
034320
034348
034370
034551
034607
034621
034629
034693
034779
034784
034982
035005
035039
035063
035136
035207
035319
035348
035400
035439
035440
035444
035453
035481
035537
035593
035655
035762
035804
035884
035904
036173
036231
036239
036283
036364
036394
036402
036478
036504
036574
036773
036875
037001
037006
037043
037134
037174
037238
037397
037410
037516
037575
037593
037681
037703
037850
037928
038021
038075
038128
038170
038224
038271
038304
038328
038343
038440
038559
038561
038562
038710
038777
038839
038906
038912
038913
038960
039061
039087
039106
039109
039390
039426
039433
039459
039484
039606
039620
039689
039768
039861
039908
039921
039971
040081
040114
040167
040268
040274
040283
040311
040413
040470
040473
040564
040583
040646
040716
040750
040755
040813
040948
040983
041000
041005
041112
041133
041137
041141
041375
041388
041445
041504
041602
041665
041712
041820
041983
042036
042048
042057
042279
042287
042290
042398
042400
042546
042643
042665
042672
042776
042783
042821
042826
042873
042949
043004
043054
043091
043112
043232
043244
043303
043374
043445
043472
043562
043606
043735
043737
043816
043859
043900
043919
043968
044062
044104
044186
044329
044434
044449
044461
044511
044518
044542
044577
044582
044587
044603
044626
044691
044779
044902
044992
045019
045108
045152
045199
045226
045302
045320
045403
045435
045441
045473
045516
045604
045797
045811
045844
045862
045968
046001
046025
046044
046055
046057
046073
046093
046184
046247
046252
046387
046403
046472
046494
046733
046760
046809
046864
046904
046964
046971
046975
047005
047201
047317
047359
047377
047380
047438
047537
047541
047577
047667
047691
047694
047778
047846
047928
048009
048013
048016
048159
048188
048260
048326
048358
048377
048433
048499
048536
048542
048555
048748
048835
049030
049051
049163
049259
049294
049332
049355
049395
049724
049778
049810
049889
049891
049912
049915
049924
049927
049947
049965
049991
050016
050017
050237
050304
050309
050458
050499
050501
050523
050699
050794
050814
050910
050970
051132
051191
051211
051273
051295
051362
051435
051478
051503
051514
051525
051702
051768
051815
051829
051841
051880
052093
052149
052173
052180
052211
052254
052262
052320
052398
052410
052490
052497
052640
052648
052696
052728
052758
052839
052847
052895
052899
052956
053090
053099
053239
053287
053319
053343
053355
053360
053379
053393
053461
053480
053500
053532
053553
053611
053668
053674
053780
053948
053950
053958
054119
054141
054201
054236
054263
054421
054530
054576
054644
054648
054651
054679
054686
054719
054744
054758
054896
054926
054946
055013
055137
055200
055217
055223
055294
055304
055332
055335
055377
055391
055392
055415
055419
055435
055470
055533
055600
055612
055635
055778
055797
055854
055892
055945
056032
056187
056224
056230
056314
056317
056635
056715
056720
056735
056810
056857
056950
057000
057096
057196
057223
057320
057380
057488
057621
057692
057699
057731
057811
057967
057995
057997
058177
058236
058302
058360
058391
058416
058513
058515
058520
058550
058597
058645
058662
058771
058776
058799
058847
058859
058941
059130
059207
059269
059284
059392
059396
059521
059533
059536
059579
059709
059775
059795
059844
059884
059948
060058
060063
060132
060181
060191
060250
060312
060382
060383
060410
060412
060479
060568
060637
060751
060861
060877
060964
060981
061012
061060
061063
061118
061448
061480
061604
061664
061701
061738
061916
062049
062065
062118
062121
062141
062143
062188
062268
062351
062461
062482
062564
062596
062653
062800
062802
062880
063034
063125
063171
063180
063387
063429
063550
063580
063759
063780
063794
063881
064204
064206
064241
064276
064408
064442
064468
064498
064544
064577
064581
064616
064685
064688
064689
064712
064913
065040
065059
065136
065210
065336
065358
065380
065400
065406
