000001
000020
000105
000155
000225
000261
000281
000485
000574
000591
000625
000647
000750
000751
000856
000858
000878
000965
001027
001184
001242
001258
001324
001367
001470
001640
001641
001831
001853
001918
001955
001970
002132
002156
002357
002393
002419
002470
002559
002634
002692
002796
002893
002896
003019
003035
003133
003165
003168
003330
003387
003428
003465
003468
003494
003618
003689
003775
003843
003847
003864
003887
003920
003936
003939
004029
004062
004157
004417
004689
004817
004849
004870
004875
004886
004924
004990
005101
005117
005123
005213
005217
005271
005490
005499
005527
005548
005639
005716
005761
005799
005806
005940
006014
006084
006103
006175
006254
006343
006609
006644
006814
006988
007139
007233
007281
007349
007446
007507
007669
007857
007863
007961
008098
008111
008127
008177
008206
008279
008370
008414
008456
008492
008526
008537
008593
008718
008758
008884
008938
009057
009071
009094
009156
009468
009589
009821
009979
010113
010136
010192
010216
010259
010292
010370
010390
010406
010424
010498
010508
010589
010592
010743
010784
010786
010790
010805
010967
011071
011226
011312
011365
011376
011398
011450
011643
011696
011735
011736
011777
011879
011885
011956
012063
012123
012150
012250
012259
012269
012381
012629
012665
012802
012834
013008
013164
013180
013204
013227
013284
013467
013597
013613
013643
013692
013749
013778
013790
013884
013964
014060
014066
014074
014228
014278
014310
014366
014412
014483
014590
014609
014726
014860
014912
015042
015051
015102
015184
015188
015227
015337
015351
015372
015436
015440
015542
015579
015595
015661
015755
015785
015788
015852
015883
015885
015907
015980
015984
016012
016017
016088
016204
016230
016378
016384
016388
016417
016488
016503
016516
016594
016648
016669
016701
016712
016801
016863
016878
016963
016978
017121
017170
017181
017243
017248
017265
017413
017531
017557
017582
017615
017617
017673
017795
017824
017883
017903
017910
017935
017948
017984
018013
018021
018095
018096
018180
018249
018344
018365
018410
018458
018471
018575
018716
018866
019024
019072
019088
019093
019313
019337
019445
019575
019577
019677
019686
019815
019916
019918
019920
019990
020011
020073
020092
020099
020111
020131
020189
020195
020230
020240
020297
020332
020757
020866
020919
020947
020948
021018
021043
021102
021211
021235
021280
021288
021404
021406
021551
021586
021651
021665
021676
021689
021754
021755
021835
021877
021886
021890
021901
021958
022054
022102
022103
022140
022262
022282
022379
022398
022451
022523
022550
022560
022679
022700
022782
022787
022858
022865
022935
022955
022965
023004
023027
023142
023157
023256
023322
023566
023576
023612
023666
023726
023740
023799
023952
024109
024145
024237
024242
024301
024445
024480
024488
024523
024693
024721
024836
024842
024899
024901
024905
024925
024932
025019
025055
025060
025104
025243
025277
025365
025408
025420
025478
025626
025637
025655
025679
025764
025789
025804
025832
025865
025955
026024
026133
026264
026271
026501
026676
026801
026943
027019
027228
027319
027369
027375
027394
027415
027435
027452
027739
027758
027778
027873
027965
028016
028117
028225
028230
028342
028401
028402
028470
028498
028548
028554
028567
028644
028938
029040
029203
029230
029450
029514
029548
029561
029612
029809
029862
029938
029957
029970
029974
030033
030061
030063
030172
030324
030327
030364
030503
030561
030642
030653
030666
030720
030730
030790
030805
030841
030899
031019
031203
031258
031400
031596
031715
031735
031969
031983
032005
032009
032019
032078
032137
032143
032162
032209
032221
032263
032368
032377
032392
032415
032423
032426
032497
032583
032602
032780
032787
032934
032965
033038
033150
033161
033162
033253
033278
033309
033318
033328
033427
033493
033619
033671
033672
033681
033720
033734
033748
033750
033761
033805
033842
033859
033948
033960
034050
034070
034075
034146
034188
034293
034375
034382
034433
034607
034621
034693
034776
034779
034784
034817
034925
034939
034970
034982
035005
035063
035071
035114
035126
035136
035207
035216
035319
035327
035346
035358
035439
035453
035481
035499
035507
035537
035603
035652
035749
035762
035931
035950
036004
036259
036390
036394
036478
036504
036541
036598
036824
037001
037006
037395
037397
037405
037457
037491
037694
037703
037771
037850
037943
038128
038549
038726
038839
038864
038983
039087
039106
039299
039330
039426
039427
039597
039614
039620
039645
039647
039835
039902
039995
040030
040057
040072
040081
040268
040274
040283
040360
040376
040473
040480
040509
040534
040564
040583
040646
040727
040762
040795
040813
040958
041005
041012
041034
041112
041225
041257
041275
041276
041354
041375
041384
041445
041520
041539
041602
041693
041712
041779
041904
042036
042048
042057
042085
042265
042279
042349
042387
042394
042398
042514
042546
042599
042635
042753
042798
042834
042873
043096
043101
043112
043244
043268
043392
043562
043606
043650
043670
043673
043735
043737
043744
043793
043820
043859
043900
043904
043919
043936
044062
044192
044325
044329
044434
044449
044511
044523
044542
044577
044587
044614
044626
044779
044854
044859
044902
044905
044963
045019
045066
045199
045226
045287
045302
045473
045494
045511
045580
045582
045614
045797
045838
045853
045862
046001
046044
046093
046210
046243
046247
046576
046760
046809
046990
047005
047201
047228
047264
047297
047362
047377
047535
047541
047561
047621
047778
047826
047874
048016
048031
048061
048196
048246
048263
048326
048328
048358
048377
048402
048499
048546
048660
048766
048770
048836
049016
049030
049133
049149
049278
049288
049294
049300
049340
049355
049724
049799
049810
049915
049927
049965
049991
050016
050017
050054
050162
050215
050268
050344
050501
050523
050528
050794
050795
050845
050860
051132
051191
051201
051306
051362
051416
051503
051525
051538
051629
051702
051815
051880
051901
052093
052149
052217
052244
052262
052320
052371
052398
052410
052490
052497
052640
052641
052825
052839
052847
052873
052943
053071
053090
053154
053360
053429
053480
053500
053633
053705
053789
053876
053950
054139
054222
054236
054263
054267
054383
054429
054430
054520
054643
054644
054679
054705
054719
054757
054758
054775
054896
054946
054949
055217
055304
055355
055392
055395
055419
055454
055612
055888
055945
055974
056444
056451
056558
056682
056686
056715
056720
056810
056857
057054
057127
057152
057212
057213
057223
057320
057488
057679
057699
057731
057811
057950
057995
057997
058203
058236
058239
058302
058314
058341
058384
058391
058497
058520
058523
058550
058597
058645
058662
058738
058867
058974
059130
059247
059308
059409
059521
059533
059536
059579
059663
059673
059688
059698
059758
059775
059873
059884
059948
060063
060181
060214
060250
060312
060383
060412
060477
060562
060568
060574
060576
060580
060614
060650
060751
060861
060891
060964
061012
061063
061106
061169
061181
061224
061302
061352
061395
061480
061514
061604
061607
061664
061674
061701
061830
061903
061916
062053
062065
062074
062118
062121
062139
062141
062143
062228
062287
062351
062461
062596
062724
062778
062800
062862
062912
062972
063034
063120
063125
063136
063163
063171
063180
063258
063297
063504
063580
063584
063587
063604
063640
063644
063848
063946
064071
064074
064113
064190
064206
064241
064276
064324
064408
064442
064468
064610
064653
064662
064685
064689
064902
064925
065042
065082
065210
065299
065333
065336
065380
065400
