000236
000261
000281
000289
000574
000647
000750
000751
000965
001087
001242
001457
001736
001816
001898
001970
002132
002156
002163
002551
002559
002603
002723
002796
002896
002997
003019
003035
003042
003165
003168
003330
003672
003847
003971
004248
004417
004726
004886
004922
005123
005129
005213
005217
005220
005440
005490
005499
005527
005661
005888
005916
006014
006015
006071
006103
006175
006254
006325
006398
006814
006850
006883
006970
007211
007309
007374
007446
007531
007836
007857
008206
008593
008718
008861
009163
009294
009332
009581
009684
009979
010113
010154
010192
010259
010292
010406
010416
010592
010637
010784
010790
010834
010948
011024
011095
011377
011396
011450
011664
011885
012158
012238
012593
012765
012969
013096
013170
013597
013613
013692
013805
013964
014006
014060
014066
014310
014366
014574
014590
014609
014647
014785
014860
015102
015184
015375
015464
015542
015595
015661
015755
015852
015883
015885
016012
016161
016204
016230
016388
016417
016578
016583
016701
016735
016787
016878
016963
017121
017237
017413
017615
017709
017721
017795
017936
017948
017969
018013
018180
018410
018510
018856
019072
019178
019445
019567
019577
019677
019916
019918
020099
020111
020131
020296
020297
020332
020384
020500
020718
020948
021018
021045
021094
021102
021586
021620
021676
021689
021890
021919
022054
022103
022140
022282
022288
022451
022523
022700
022796
022858
022865
022965
023027
023076
023142
023666
024110
024129
024220
024237
024309
024401
024488
024836
024867
024905
024910
024925
024932
025055
025096
025104
025365
025408
025478
025655
025679
025804
026262
026676
026801
027115
027337
027338
027394
027439
027758
028095
028161
028310
028342
028401
028412
028470
028497
028548
028622
028793
028850
028905
029183
029218
029230
029450
029561
029805
029809
029825
029938
029957
029974
030503
030536
030666
030700
030703
030726
030805
031019
031190
031943
032009
032028
032064
032128
032162
032271
032285
032377
032392
032924
033164
033328
033698
033720
033761
033847
033878
034295
034320
034348
034607
034621
034779
035005
035063
035136
035207
035234
035439
035453
035481
035537
035762
036239
036394
036402
036478
036504
036593
036875
037238
037410
037516
037575
037703
037850
037928
038075
038128
038170
038328
038440
038559
038912
039087
039106
039109
039426
039459
039606
039620
039908
040167
040274
040413
040470
040473
040564
040716
041005
041012
041112
041137
041375
041388
041445
041602
041712
041820
042048
042057
042279
042287
042323
042398
042400
042546
042595
042873
042949
043044
043112
043232
043244
043472
043562
043606
043735
043737
043900
043904
043919
044104
044186
044449
044511
044518
044523
044542
044577
044587
044626
044691
044779
044854
044902
044992
045019
045066
045108
045152
045199
045226
045320
045491
045604
045797
045862
046001
046057
046073
046247
046252
046254
046760
046809
046904
046971
047005
047201
047377
047577
048016
048377
048835
049163
049259
049294
049395
049422
049810
049927
049965
050237
050309
050499
050501
050699
050794
050910
051191
051273
051362
051478
051702
051768
051815
051880
052093
052149
052173
052244
052254
052320
052398
052403
052410
052490
052497
052640
052648
052696
052839
052847
052971
053090
053099
053393
053451
053461
053480
053500
053553
053674
053839
054141
054236
054263
054530
054644
054648
054679
054686
054719
054744
054758
054946
055137
055304
055391
055419
055472
055544
056224
056314
056317
056720
056734
056810
056857
057320
057488
057699
057731
057811
057995
057997
058416
058550
058597
058645
058662
058776
058941
059130
059201
059536
059709
059844
059884
059948
060250
060312
060383
060479
060568
060861
060964
061012
061106
061480
061701
061738
061858
062049
062118
062121
062141
062143
062351
062461
062482
062653
062770
062880
063025
063034
063171
063180
063429
063580
063686
063780
063794
064204
064241
064276
064366
064408
064468
064577
064685
064689
065059
065210
065242
065336
065380
065400
