000236
000261
000281
000352
000500
000574
000647
000751
001242
001970
002132
002559
002692
002796
002893
002896
002997
003019
003035
003165
003168
003645
003847
004367
005176
005213
005217
005271
005536
006014
006103
006175
006254
006332
006411
006814
007211
007446
007492
007827
008174
008320
008718
009479
009581
009979
010113
010192
010209
010259
010292
010406
010784
010790
010864
011323
011696
011885
013597
013692
013943
013964
014060
014066
014244
014310
014366
014574
014590
014609
014637
014647
014860
015102
015184
015229
015542
015595
015661
015755
015852
015883
015885
015980
016012
016204
016230
016417
016701
016852
016963
017121
017165
017346
017557
017615
017795
017841
018013
018076
018164
018180
018410
018764
019577
019677
019916
019918
020044
020099
020111
020131
020240
020297
020332
020948
020964
021018
021102
021153
021280
021366
021676
021835
022054
022103
022140
022282
022451
022523
022700
022831
022858
022965
023027
023478
023612
023666
024488
024820
024836
024905
024925
025055
025104
025408
025478
025679
026222
026676
026745
026786
026801
027340
027387
027394
028401
028548
028857
029067
029230
029450
029512
029548
029561
029809
029918
029938
029974
030094
030170
030310
030503
030561
030610
030805
030841
031019
031943
032009
032377
032392
032515
033506
033720
033859
034551
034607
034621
034693
034779
035005
035063
035136
035207
035439
035453
035481
035537
035762
036394
036478
036504
036593
037134
037703
037850
038128
038960
039048
039087
039106
039426
039620
040311
040473
040564
040750
040983
041005
041112
041375
041445
041665
041712
042057
042546
042595
042776
043112
043244
043562
043606
043735
043737
043900
043919
044434
044449
044511
044523
044577
044587
044626
044854
044902
045066
045199
045226
045320
045491
045797
045862
046001
046247
046254
046472
046760
047005
047201
047377
047541
048016
048260
048377
048433
049556
049589
049810
049927
049965
050304
050501
050794
051525
051702
051815
051880
052093
052149
052398
052497
052640
052728
052758
052839
052847
052871
053090
053379
053480
053500
053531
053958
054236
054263
054644
054738
054758
054926
054946
055223
055304
055392
055419
055544
056715
056720
056735
056810
056857
057320
057731
057811
057995
057997
058391
058550
058597
058662
058867
059269
059284
059521
059536
059948
060250
060312
060383
060861
061480
061500
061664
061701
061916
062118
062141
062143
062596
063034
063125
063171
063580
064276
064468
064544
064689
065040
065210
065380
065400
065513
