000001
000006
000054
000105
000110
000131
000155
000213
000222
000224
000225
000261
000281
000289
000384
000407
000441
000460
000481
000574
000608
000625
000626
000647
000650
000655
000659
000662
000707
000750
000751
000858
000877
000878
000892
000917
000931
000965
000994
001027
001036
001053
001085
001087
001184
001214
001242
001324
001328
001333
001362
001367
001378
001386
001523
001640
001645
001658
001704
001706
001736
001816
001853
001866
001912
001924
001954
001970
002076
002084
002156
002163
002241
002290
002298
002323
002329
002355
002357
002376
002379
002390
002419
002434
002448
002481
002551
002559
002603
002630
002647
002655
002708
002723
002796
002807
002850
002887
002896
002947
002956
002985
002988
002996
003019
003035
003049
003059
003066
003068
003073
003091
003096
003117
003126
003133
003135
003152
003165
003168
003225
003274
003290
003330
003387
003428
003464
003556
003573
003623
003669
003672
003689
003803
003836
003847
003864
003887
003902
003920
003939
003965
003971
004003
004029
004054
004056
004062
004071
004078
004117
004221
004248
004301
004344
004392
004406
004417
004438
004538
004564
004625
004634
004656
004674
004689
004694
004726
004737
004745
004747
004748
004763
004793
004804
004831
004835
004839
004846
004870
004886
004916
004922
004924
004950
004990
005037
005058
005085
005123
005129
005153
005176
005205
005213
005217
005274
005275
005287
005300
005301
005304
005308
005328
005417
005440
005499
005502
005525
005527
005548
005564
005567
005639
005678
005701
005721
005755
005760
005765
005799
005804
005806
005848
005888
005902
005940
005947
005984
005987
006014
006015
006021
006058
006070
006071
006084
006090
006103
006175
006196
006220
006254
006297
006325
006341
006365
006380
006397
006421
006434
006592
006609
006644
006648
006792
006814
006850
006879
006883
006923
006970
006988
007019
007139
007144
007160
007188
007230
007233
007276
007279
007289
007374
007413
007446
007531
007613
007625
007671
007685
007721
007762
007776
007823
007836
007847
007857
007863
007874
008001
008022
008082
008086
008111
008127
008155
008177
008206
008231
008279
008370
008385
008456
008492
008515
008520
008526
008537
008543
008557
008562
008593
008609
008623
008680
008684
008689
008718
008753
008758
008825
008831
008861
008884
008938
008998
009057
009071
009080
009094
009202
009226
009254
009268
009294
009295
009332
009376
009387
009393
009399
009432
009573
009589
009598
009613
009655
009681
009684
009690
009694
009745
009821
009893
009921
009964
009975
009979
009981
010033
010077
010109
010113
010120
010154
010192
010213
010216
010242
010254
010259
010292
010331
010333
010351
010370
010406
010424
010471
010498
010550
010589
010606
010607
010637
010674
010784
010790
010805
010854
010872
010890
010916
010919
010938
010948
010967
010974
011024
011071
011082
011095
011167
011193
011194
011241
011249
011270
011274
011287
011312
011323
011350
011365
011369
011376
011393
011396
011398
011399
011450
011551
011553
011564
011577
011643
011664
011698
011735
011736
011745
011755
011784
011870
011879
011885
011912
011996
012029
012030
012032
012045
012063
012120
012121
012123
012139
012150
012158
012180
012228
012230
012238
012250
012252
012255
012259
012266
012269
012309
012316
012343
012372
012381
012405
012457
012520
012629
012653
012665
012700
012741
012765
012782
012802
012846
012885
012898
012934
012969
012986
012988
013008
013027
013070
013096
013119
013153
013164
013170
013180
013204
013284
013370
013467
013529
013558
013567
013586
013597
013612
013613
013643
013649
013682
013692
013693
013741
013768
013770
013778
013780
013790
013944
014006
014058
014060
014061
014066
014094
014197
014233
014278
014310
014313
014366
014412
014415
014483
014541
014560
014574
014590
014609
014726
014740
014785
014797
014827
014838
014860
014886
014895
014912
014916
014995
014996
015042
015051
015058
015071
015102
015126
015163
015170
015184
015188
015196
015227
015283
015325
015330
015356
015375
015420
015436
015464
015465
015471
015491
015508
015542
015577
015579
015590
015595
015619
015661
015693
015704
015711
015714
015755
015785
015788
015810
015852
015872
015883
015885
015888
015906
015907
015922
015923
015928
015984
015994
016012
016057
016084
016088
016161
016197
016204
016230
016286
016362
016369
016378
016388
016413
016417
016452
016503
016507
016515
016516
016576
016583
016594
016599
016614
016648
016669
016693
016701
016712
016727
016735
016786
016787
016826
016828
016863
016878
016889
016920
016924
016963
016978
017023
017038
017063
017121
017143
017163
017170
017179
017237
017243
017248
017265
017317
017348
017369
017413
017419
017486
017489
017531
017532
017582
017585
017589
017615
017617
017620
017669
017706
017709
017716
017721
017745
017791
017795
017824
017872
017903
017935
017936
017948
017969
017983
017984
018013
018033
018112
018174
018179
018180
018215
018220
018249
018279
018344
018365
018410
018423
018458
018471
018509
018510
018560
018575
018617
018716
018737
018799
018825
018845
018866
018878
018920
018929
019013
019024
019072
019088
019093
019141
019152
019178
019213
019222
019233
019244
019337
019375
019379
019398
019432
019445
019447
019481
019529
019540
019567
019577
019610
019618
019665
019677
019686
019732
019777
019785
019793
019797
019800
019804
019815
019841
019852
019916
019918
019920
019921
019935
019946
019990
020011
020058
020073
020092
020098
020099
020109
020111
020118
020131
020134
020152
020172
020190
020195
020296
020297
020332
020344
020360
020365
020383
020384
020402
020454
020455
020572
020595
020602
020631
020688
020718
020782
020783
020819
020894
020895
020919
020947
020948
020979
020980
021018
021043
021094
021102
021109
021202
021211
021245
021288
021361
021386
021389
021401
021404
021406
021532
021586
021593
021607
021620
021651
021676
021695
021755
021779
021877
021886
021890
021901
021919
021922
021958
022022
022054
022103
022140
022153
022166
022190
022224
022262
022282
022288
022297
022378
022379
022398
022401
022418
022447
022451
022472
022503
022523
022530
022550
022560
022581
022593
022596
022607
022679
022700
022725
022727
022750
022762
022786
022787
022796
022835
022848
022858
022865
022935
022955
022965
022967
023027
023065
023076
023142
023157
023178
023193
023256
023313
023322
023334
023399
023405
023430
023490
023522
023539
023576
023577
023652
023666
023704
023726
023766
023785
023804
023858
023860
023952
024055
024057
024083
024109
024110
024129
024144
024145
024149
024158
024189
024237
024242
024301
024309
024311
024339
024365
024409
024488
024496
024512
024600
024643
024721
024732
024791
024824
024831
024836
024842
024872
024876
024878
024899
024901
024905
024925
024932
025002
025009
025031
025044
025049
025055
025094
025096
025104
025188
025207
025215
025230
025243
025270
025334
025344
025365
025369
025391
025408
025478
025511
025524
025603
025626
025637
025655
025658
025659
025679
025762
025765
025804
025808
025812
025825
025832
025838
025865
025867
025924
025929
025950
025955
025981
026024
026026
026041
026133
026168
026172
026174
026245
026262
026264
026271
026286
026334
026417
026452
026472
026562
026617
026676
026707
026716
026757
026791
026814
026826
026853
026895
026906
026943
027007
027019
027115
027127
027140
027203
027225
027263
027310
027319
027337
027338
027373
027375
027394
027430
027435
027444
027477
027545
027568
027574
027653
027670
027680
027682
027727
027758
027778
027920
027921
027962
027965
027999
028016
028053
028085
028095
028105
028115
028117
028147
028225
028238
028247
028260
028286
028287
028309
028310
028320
028342
028373
028401
028402
028425
028462
028470
028497
028498
028507
028547
028548
028567
028583
028604
028613
028622
028631
028644
028672
028674
028734
028747
028765
028773
028793
028836
028838
028849
028850
028863
028877
028905
028914
028929
028938
028973
028998
029025
029040
029045
029095
029101
029106
029183
029203
029218
029230
029237
029266
029391
029439
029450
029514
029530
029544
029561
029562
029676
029677
029732
029752
029753
029775
029800
029805
029809
029825
029842
029853
029862
029886
029938
029957
029970
029974
030033
030061
030063
030087
030172
030213
030220
030324
030335
030364
030378
030426
030483
030494
030498
030503
030518
030536
030546
030622
030639
030641
030642
030653
030666
030693
030700
030703
030720
030726
030733
030742
030805
030853
030854
030921
030939
031008
031019
031050
031052
031055
031072
031190
031258
031285
031295
031336
031338
031399
031400
031443
031459
031508
031519
031553
031577
031596
031630
031715
031740
031754
031918
031969
031983
032009
032019
032022
032028
032064
032072
032074
032078
032114
032128
032137
032143
032162
032173
032196
032209
032221
032232
032263
032268
032271
032368
032377
032392
032405
032408
032415
032423
032437
032475
032486
032497
032505
032535
032562
032579
032590
032602
032610
032631
032696
032741
032787
032797
032813
032924
032934
032942
032965
032975
032980
033055
033096
033150
033161
033162
033164
033170
033176
033224
033253
033265
033278
033309
033318
033328
033386
033387
033395
033426
033427
033491
033493
033521
033533
033545
033571
033591
033615
033626
033661
033671
033672
033691
033698
033720
033733
033748
033750
033761
033805
033807
033842
033847
033850
033855
034050
034067
034070
034075
034089
034123
034146
034150
034152
034183
034220
034238
034290
034293
034295
034320
034348
034370
034375
034433
034507
034583
034607
034621
034629
034643
034675
034769
034776
034779
034789
034820
034888
034910
034925
034954
034956
034970
034982
035005
035063
035071
035086
035099
035114
035126
035136
035201
035207
035216
035346
035348
035358
035367
035369
035397
035400
035439
035440
035444
035453
035474
035481
035482
035499
035507
035527
035537
035552
035593
035603
035640
035705
035753
035762
035785
035802
035841
035884
035904
035931
035950
035961
035990
035994
036004
036063
036075
036086
036173
036186
036231
036239
036274
036291
036331
036364
036394
036400
036402
036418
036465
036478
036504
036541
036598
036601
036623
036675
036738
036806
036819
036824
036853
036875
036934
036943
036944
036962
036980
036998
037001
037006
037043
037127
037155
037201
037238
037319
037395
037405
037410
037436
037449
037455
037457
037491
037511
037516
037575
037636
037638
037642
037653
037681
037694
037703
037753
037771
037850
037928
037970
037973
038001
038021
038040
038041
038075
038128
038170
038224
038271
038304
038328
038362
038440
038489
038525
038549
038559
038561
038609
038627
038628
038654
038656
038683
038710
038726
038744
038770
038864
038895
038912
038913
038970
038983
038986
038991
038998
039025
039048
039061
039087
039106
039109
039129
039267
039383
039390
039394
039416
039426
039459
039464
039484
039524
039597
039606
039614
039620
039625
039645
039647
039689
039719
039745
039768
039782
039806
039818
039821
039835
039902
039908
039921
039971
039986
039995
040030
040050
040057
040062
040072
040114
040167
040169
040191
040268
040274
040283
040312
040349
040353
040360
040376
040381
040413
040440
040470
040473
040480
040513
040522
040534
040564
040583
040646
040716
040731
040732
040755
040762
040786
040795
040802
040817
040830
040883
040949
040958
041000
041005
041034
041112
041137
041173
041205
041225
041237
041257
041271
041276
041375
041380
041388
041413
041441
041445
041478
041487
041494
041500
041504
041520
041539
041569
041583
041597
041602
041636
041693
041701
041709
041712
041779
041904
041942
041983
041998
042019
042048
042051
042057
042063
042071
042085
042186
042207
042233
042250
042265
042279
042285
042287
042290
042323
042371
042378
042387
042394
042398
042400
042439
042490
042497
042514
042546
042599
042635
042665
042672
042682
042693
042746
042753
042779
042782
042783
042798
042810
042821
042826
042834
042849
042873
042881
042898
042923
042939
042949
042955
043004
043027
043091
043096
043112
043138
043181
043187
043232
043241
043244
043268
043287
043303
043379
043392
043445
043453
043463
043472
043477
043562
043606
043650
043668
043669
043670
043673
043720
043735
043737
043744
043816
043820
043857
043859
043887
043888
043900
043904
043917
043919
043968
044050
044055
044096
044104
044186
044192
044246
044299
044325
044391
044449
044461
044502
044511
044518
044542
044544
044567
044577
044580
044582
044587
044614
044615
044626
044671
044684
044691
044735
044779
044797
044811
044859
044862
044902
044920
044922
044949
044963
044992
045003
045019
045060
045108
045152
045199
045224
045226
045287
045320
045419
045435
045441
045473
045492
045494
045511
045543
045578
045580
045604
045614
045634
045666
045766
045782
045797
045811
045853
045862
045898
045915
045936
045959
045963
045968
046001
046057
046072
046073
046130
046144
046155
046170
046184
046210
046243
046247
046252
046269
046281
046387
046396
046403
046436
046452
046456
046506
046576
046680
046733
046760
046809
046845
046864
046873
046888
046904
046905
046970
046971
046990
047005
047021
047054
047081
047116
047179
047180
047190
047201
047228
047264
047297
047308
047317
047336
047353
047359
047362
047363
047377
047438
047468
047504
047537
047561
047577
047590
047621
047681
047694
047704
047778
047781
047846
047849
047874
047928
047945
047954
047971
047988
048004
048007
048013
048016
048031
048061
048100
048106
048120
048159
048166
048196
048246
048263
048294
048319
048326
048377
048402
048412
048432
048460
048474
048498
048499
048536
048542
048555
048660
048675
048766
048770
048771
048773
048788
048810
048835
048939
048948
048973
049005
049016
049038
049051
049108
049133
049149
049154
049163
049198
049259
049278
049279
049288
049294
049300
049311
049355
049395
049417
049421
049438
049465
049578
049644
049687
049758
049759
049778
049794
049799
049810
049822
049852
049889
049891
049912
049922
049924
049927
049947
049961
049965
049991
049997
050000
050014
050016
050017
050047
050054
050136
050162
050178
050185
050199
050215
050222
050237
050238
050309
050320
050343
050390
050428
050457
050463
050478
050497
050499
050501
050528
050643
050647
050695
050699
050738
050794
050795
050817
050845
050860
050867
050910
050935
050949
050970
051014
051047
051056
051081
051124
051132
051191
051211
051223
051225
051243
051250
051263
051273
051295
051297
051358
051362
051393
051407
051416
051435
051438
051467
051478
051503
051510
051514
051608
051622
051702
051729
051758
051768
051815
051829
051841
051842
051880
051897
051901
052093
052149
052173
052211
052254
052320
052325
052371
052398
052410
052490
052497
052604
052640
052641
052648
052655
052669
052696
052730
052805
052825
052839
052847
052858
052895
052899
052923
052932
052947
053046
053090
053099
053113
053154
053186
053227
053234
053239
053327
053376
053393
053402
053429
053437
053461
053470
053480
053500
053532
053553
053611
053618
053640
053674
053705
053711
053780
053789
053873
053876
053907
053934
053948
053950
054053
054091
054095
054100
054101
054115
054119
054139
054141
054211
054222
054236
054254
054263
054267
054332
054336
054365
054369
054383
054421
054428
054429
054430
054458
054472
054520
054530
054573
054576
054586
054618
054644
054648
054651
054679
054686
054705
054719
054748
054758
054773
054775
054849
054853
054884
054896
054946
055013
055068
055101
055137
055217
055293
055294
055304
055335
055336
055347
055355
055356
055377
055384
055391
055409
055417
055419
055435
055470
055491
055524
055559
055600
055611
055624
055632
055709
055715
055760
055797
055860
055886
055888
055892
055974
056032
056101
056154
056156
056164
056176
056183
056187
056224
056228
056314
056317
056343
056349
056402
056485
056538
056558
056560
056667
056686
056713
056720
056729
056743
056769
056810
056857
056950
056959
057000
057045
057047
057054
057087
057127
057152
057212
057213
057280
057309
057320
057488
057614
057621
057628
057679
057692
057694
057699
057731
057811
057885
057900
057950
057963
057995
057997
058010
058011
058015
058046
058053
058056
058103
058146
058175
058177
058278
058288
058302
058304
058314
058339
058341
058348
058360
058373
058384
058416
058497
058515
058520
058523
058550
058567
058572
058597
058645
058662
058776
058847
058859
058867
058933
058941
058972
058974
059055
059129
059130
059171
059201
059207
059244
059247
059301
059308
059383
059386
059392
059396
059409
059521
059536
059538
059549
059597
059663
059673
059688
059698
059709
059758
059779
059823
059844
059884
059948
059993
060030
060058
060063
060106
060129
060146
060147
060210
060214
060233
060250
060251
060312
060362
060376
060377
060382
060383
060408
060420
060431
060477
060479
060487
060494
060499
060529
060544
060568
060576
060580
060582
060587
060614
060637
060650
060664
060741
060751
060781
060797
060861
060877
060891
060941
060945
060964
060981
060998
061012
061029
061039
061054
061060
061112
061124
061150
061154
061224
061227
061302
061352
061373
061395
061433
061479
061480
061496
061514
061551
061607
061674
061701
061733
061738
061755
061759
061795
061830
061838
061900
061917
062024
062046
062049
062068
062074
062118
062121
062139
062141
062143
062188
062191
062198
062278
062351
062361
062461
062482
062610
062619
062622
062633
062653
062739
062778
062802
062862
062880
062922
062968
063028
063034
063052
063120
063127
063136
063163
063171
063180
063194
063288
063297
063305
063309
063311
063348
063379
063387
063429
063443
063528
063550
063571
063580
063584
063587
063604
063608
063625
063626
063630
063644
063674
063724
063759
063763
063780
063794
063848
063881
063889
063890
063897
063929
063940
063946
063996
064032
064061
064071
064074
064113
064189
064190
064204
064222
064241
064276
064299
064325
064330
064343
064366
064381
064408
064468
064525
064577
064581
064605
064610
064616
064631
064653
064662
064685
064688
064689
064764
064792
064818
064838
064892
064902
064913
064925
064928
064976
064989
065042
065059
065102
065117
065134
065136
065195
065210
065235
065236
065269
065299
065319
065333
065336
065358
065361
065362
065380
065400
