000020
000130
000261
000281
000485
000535
000574
000647
000751
000952
000965
001075
001082
001167
001242
001390
001864
001970
002094
002132
002156
002225
002559
002692
002796
002896
002926
002997
003019
003035
003165
003168
003672
003847
004417
004726
004849
004875
004886
005117
005213
005217
005499
005716
005794
005955
006014
006041
006103
006175
006254
006813
006814
007211
007281
007446
007492
007507
007613
007802
008042
008098
008190
008206
008718
008749
009414
009581
009588
009772
009827
009845
009979
010113
010136
010180
010188
010192
010259
010284
010292
010406
010413
010508
010607
010743
010784
010790
010967
011740
011785
011885
011915
012197
012574
012863
013597
013692
013791
013964
014060
014066
014310
014366
014590
014609
014687
014860
015102
015184
015280
015351
015372
015375
015542
015595
015618
015661
015755
015852
015883
015885
016012
016101
016161
016185
016204
016230
016388
016417
016488
016701
016963
017070
017121
017227
017291
017413
017615
017795
017883
018013
018095
018141
018180
018410
018686
018992
019025
019072
019178
019385
019487
019577
019677
019832
019916
019918
020099
020111
020131
020161
020240
020274
020296
020297
020332
020781
020948
021018
021045
021094
021102
021280
021366
021510
021540
021586
021676
021732
021890
022054
022103
022120
022140
022282
022352
022451
022484
022523
022700
022858
022965
023027
023612
023666
024488
024708
024836
024905
024925
024932
025055
025104
025408
025420
025478
025548
025643
025679
025764
025804
026384
026452
026515
026676
026801
026881
027165
027338
027394
027410
027415
027452
027639
027825
028085
028116
028342
028401
028548
028639
028723
028906
029230
029450
029485
029561
029765
029809
029938
029974
030094
030154
030261
030503
030509
030666
030719
030726
030805
030877
030899
031019
031190
031203
031490
031943
032009
032285
032377
032392
032463
033564
033720
033761
033859
034295
034607
034621
034693
034779
034982
035005
035063
035136
035207
035305
035439
035453
035481
035537
035762
036239
036394
036478
036593
036695
037262
037544
037703
037850
037928
038128
038343
038444
038839
039087
039102
039106
039426
039433
039579
039620
040007
040338
040418
040473
040564
040793
040813
040983
041005
041137
041375
041445
041712
041959
042036
042057
042398
042546
042621
043054
043112
043244
043436
043562
043606
043650
043669
043735
043737
043873
043900
043919
044062
044104
044215
044329
044445
044449
044511
044523
044577
044587
044626
044691
044758
044854
044902
045019
045066
045199
045226
045302
045320
045658
045797
045799
045862
046001
046044
046093
046247
046254
046760
047005
047201
047359
047377
047541
047677
047971
048016
048038
048358
048377
048449
048463
049724
049810
049913
049915
049927
049965
050065
050120
050230
050304
050501
050515
050616
050695
050794
051362
051525
051702
051815
051880
051951
052093
052149
052359
052398
052497
052594
052640
052839
052847
052905
053090
053248
053440
053480
053500
054236
054263
054644
054689
054946
055053
055304
055332
055415
055419
055544
055762
055854
055946
055992
056715
056720
056810
056857
057223
057320
057731
057811
057841
057907
057995
057997
058116
058391
058513
058520
058550
058597
058645
058662
059218
059533
059536
059579
059709
059775
059858
059948
060000
060068
060250
060312
060383
060839
060861
061063
061480
061604
061614
061916
062049
062065
062118
062141
062143
062596
062800
063034
063171
063401
063411
063455
063580
063650
064123
064154
064276
064442
064468
064577
064689
064756
064955
064967
065210
065380
065400
