000020
000155
000225
000261
000281
000374
000485
000574
000628
000647
000659
000750
000751
000892
000965
000981
001242
001258
001378
001470
001918
001970
002156
002355
002470
002559
002692
002796
002893
002896
002927
003017
003019
003035
003133
003165
003168
003274
003330
003332
003836
003847
003891
003936
003971
004029
004056
004117
004193
004248
004417
004610
004624
004763
004794
004849
004875
004886
004955
004963
005117
005213
005217
005271
005499
005527
005716
005799
005825
005902
006014
006103
006175
006254
006282
006814
007144
007281
007308
007350
007446
007492
007507
007857
008022
008098
008206
008537
008569
008718
008856
008938
009096
009224
009655
009921
009925
009970
009979
010113
010136
010192
010259
010292
010406
010508
010743
010784
010786
010790
010805
010948
010962
010967
011153
011450
011578
011696
011735
011797
011879
011885
011938
012271
012381
012781
012898
013227
013597
013613
013692
013801
013947
013964
014060
014066
014074
014228
014278
014310
014313
014360
014366
014574
014590
014609
014794
014860
014961
015102
015184
015351
015372
015542
015552
015595
015661
015680
015755
015810
015811
015852
015883
015885
015946
015980
016012
016040
016084
016204
016230
016384
016417
016488
016526
016701
016801
016852
016913
016963
017121
017179
017248
017419
017489
017557
017615
017625
017673
017791
017795
017824
017883
017903
018013
018095
018180
018410
018575
018708
018885
019072
019359
019399
019445
019577
019677
019916
019918
020011
020037
020092
020099
020111
020131
020240
020297
020332
020402
020757
020948
020981
021018
021045
021102
021202
021280
021366
021586
021667
021676
021689
021815
021835
021949
022054
022103
022140
022282
022451
022523
022607
022700
022858
022865
022965
023027
023142
023576
023612
023666
023740
023922
024237
024301
024343
024488
024721
024836
024840
024842
024881
024899
024901
024905
024925
024932
025019
025055
025104
025344
025408
025420
025478
025511
025626
025679
025750
025764
025789
025804
025955
026157
026501
026676
026802
026825
027003
027338
027394
027415
027452
027477
027758
027873
028115
028230
028238
028342
028401
028432
028462
028548
029230
029450
029485
029548
029561
029732
029809
029842
029862
029913
029938
029957
029974
029991
030503
030561
030726
030730
030805
030841
030899
031019
031170
031190
031203
031400
031459
031490
031569
032005
032009
032072
032143
032162
032377
032392
032602
033034
033068
033253
033403
033671
033720
033761
033859
033960
033978
034033
034607
034621
034693
034779
034784
034939
034982
035005
035063
035084
035136
035207
035319
035439
035453
035467
035481
035537
035760
035762
035882
036002
036213
036394
036478
036504
036623
037001
037006
037253
037280
037397
037434
037506
037525
037703
037850
037907
037937
038128
038506
038828
038839
039087
039106
039426
039620
039621
040034
040081
040268
040274
040283
040428
040473
040480
040518
040564
040583
040646
040727
040813
040983
041005
041012
041112
041126
041375
041445
041548
041565
041656
041667
041712
041794
042036
042048
042057
042144
042279
042546
042624
042643
042982
043004
043112
043244
043562
043606
043610
043732
043735
043737
043859
043900
043904
043919
044062
044434
044449
044511
044542
044572
044577
044587
044626
044684
044691
044856
044902
045199
045226
045302
045473
045543
045797
045862
045969
046001
046044
046093
046247
046452
046760
047005
047201
047377
047508
047541
047590
047636
047677
047778
048013
048016
048358
048377
048432
048499
048541
048773
049030
049294
049355
049724
049810
049915
049927
049965
049991
050016
050017
050116
050229
050304
050458
050501
050523
050708
050794
051110
051132
051201
051362
051384
051466
051503
051525
051568
051702
051815
051879
051880
052050
052093
052149
052269
052320
052355
052398
052410
052497
052567
052637
052640
052659
052839
052847
052873
052932
053090
053360
053402
053480
053500
053950
054038
054052
054236
054263
054365
054488
054644
054719
054758
054896
054946
054949
055018
055179
055200
055217
055304
055309
055392
055419
055612
056154
056431
056635
056715
056720
056810
056857
057047
057192
057223
057320
057380
057414
057731
057811
057995
057997
058011
058103
058236
058251
058348
058391
058520
058550
058597
058641
058662
058771
059122
059130
059389
059521
059533
059536
059579
059624
059727
059775
059948
060063
060181
060184
060210
060250
060312
060383
060412
060470
060741
060751
060861
060964
061063
061106
061480
061604
061664
061701
061838
061903
061916
062065
062118
062141
062143
062178
062233
062283
062430
062464
062596
062800
062968
063025
063034
063073
063125
063171
063180
063379
063455
063580
063626
064154
064206
064276
064371
064442
064468
064689
064792
064818
065210
065380
065400
