000001
000020
000054
000105
000155
000179
000225
000261
000281
000289
000352
000360
000485
000574
000626
000647
000650
000750
000751
000763
000808
000858
000878
000965
001027
001167
001184
001242
001275
001324
001361
001362
001367
001386
001640
001645
001795
001853
001918
001970
002022
002132
002156
002329
002357
002376
002393
002419
002470
002481
002559
002692
002723
002751
002796
002852
002896
002926
002947
002988
002997
003019
003035
003066
003091
003133
003165
003168
003250
003330
003387
003645
003669
003672
003689
003847
003864
003887
003920
003932
003939
003971
004029
004062
004078
004221
004248
004258
004367
004392
004406
004417
004689
004726
004835
004849
004870
004875
004886
004916
004924
004990
005085
005117
005123
005176
005213
005217
005221
005270
005308
005499
005527
005536
005548
005567
005639
005678
005716
005755
005761
005799
005806
005940
005947
006014
006042
006084
006090
006103
006175
006254
006332
006376
006398
006411
006592
006644
006718
006813
006814
006988
007019
007139
007186
007233
007281
007446
007492
007507
007613
007754
007762
007827
007857
007863
007899
008098
008111
008127
008155
008174
008177
008206
008279
008320
008370
008456
008492
008537
008543
008562
008593
008718
008758
008825
008884
008938
009057
009071
009094
009109
009156
009332
009414
009432
009468
009479
009573
009589
009681
009690
009821
009878
009917
009964
009979
009994
010010
010113
010136
010154
010192
010209
010216
010259
010292
010351
010370
010406
010424
010498
010508
010573
010589
010606
010607
010743
010784
010786
010790
010805
010829
010864
010906
010938
010946
010948
010967
010974
011071
011082
011312
011323
011365
011376
011398
011435
011450
011643
011735
011736
011879
011885
011933
012063
012123
012250
012259
012269
012381
012476
012520
012629
012633
012665
012799
012802
012834
012863
012938
013008
013164
013170
013180
013204
013284
013467
013540
013597
013613
013643
013692
013693
013770
013778
013790
013868
013943
013964
014060
014066
014074
014138
014244
014278
014310
014366
014412
014473
014483
014571
014574
014590
014609
014637
014687
014726
014740
014781
014860
014886
014912
015042
015051
015102
015112
015170
015184
015188
015227
015229
015351
015372
015375
015436
015464
015465
015542
015579
015595
015661
015714
015755
015785
015788
015852
015883
015885
015922
015923
015984
016012
016088
016161
016204
016230
016286
016362
016378
016384
016388
016417
016452
016488
016503
016507
016516
016554
016594
016599
016614
016648
016669
016701
016712
016801
016837
016863
016878
016963
016978
017070
017114
017121
017165
017170
017189
017227
017237
017243
017248
017265
017346
017348
017369
017413
017531
017582
017615
017617
017673
017745
017795
017824
017841
017883
017903
017935
017948
017984
017991
018013
018061
018076
018095
018164
018180
018344
018410
018440
018458
018471
018510
018575
018617
018716
018845
018866
019024
019072
019088
019093
019144
019153
019178
019222
019337
019445
019481
019567
019577
019677
019686
019800
019815
019841
019916
019918
019920
019922
019990
020011
020044
020073
020080
020092
020099
020111
020131
020136
020152
020214
020240
020297
020332
020455
020526
020602
020631
020757
020819
020919
020947
020948
021018
021043
021045
021094
021102
021109
021153
021177
021211
021235
021280
021288
021366
021404
021574
021586
021651
021676
021732
021755
021779
021863
021877
021886
021890
021901
021958
022054
022103
022119
022120
022140
022166
022224
022262
022282
022352
022379
022398
022418
022451
022472
022523
022534
022550
022551
022560
022679
022700
022786
022787
022835
022848
022858
022865
022895
022935
022955
022965
023027
023142
023157
023256
023430
023478
023576
023612
023666
023726
023740
023759
023766
023804
023864
023909
023952
024055
024109
024145
024189
024237
024242
024301
024311
024339
024365
024488
024614
024721
024732
024791
024820
024836
024839
024842
024878
024899
024901
024905
024925
024932
025044
025055
025104
025230
025231
025243
025277
025355
025365
025408
025414
025420
025478
025626
025637
025655
025658
025670
025679
025763
025764
025804
025832
025924
025955
026024
026133
026151
026222
026264
026472
026489
026567
026676
026745
026764
026786
026791
026801
026895
026943
027000
027007
027019
027263
027319
027340
027375
027394
027397
027415
027430
027435
027452
027758
027778
027938
027965
027999
028016
028085
028105
028117
028138
028225
028230
028242
028342
028401
028402
028425
028470
028498
028548
028567
028587
028617
028631
028644
028672
028674
028723
028850
028857
028973
029040
029067
029148
029203
029230
029244
029439
029450
029473
029485
029512
029530
029561
029800
029809
029842
029862
029886
029918
029938
029957
029970
029974
030033
030061
030063
030118
030169
030170
030172
030261
030310
030324
030364
030498
030503
030572
030642
030653
030666
030700
030720
030726
030805
030817
030854
030899
030993
031019
031077
031126
031190
031203
031245
031258
031285
031385
031400
031490
031577
031596
031606
031653
031696
031703
031715
031717
031754
031943
031969
031983
032005
032009
032019
032078
032137
032143
032162
032209
032221
032263
032285
032368
032377
032392
032415
032423
032463
032497
032515
032556
032579
032602
032696
032787
032813
032934
032942
032965
032974
032980
033096
033150
033161
033162
033170
033253
033265
033278
033318
033387
033427
033467
033493
033506
033619
033671
033672
033720
033734
033748
033761
033805
033859
033948
033976
034037
034050
034070
034075
034146
034152
034206
034293
034295
034375
034382
034433
034551
034607
034621
034693
034776
034779
034817
034910
034925
034939
034970
034982
035005
035063
035071
035086
035114
035126
035136
035207
035216
035242
035346
035358
035397
035439
035440
035453
035481
035482
035499
035507
035537
035603
035762
035802
035804
035931
036004
036057
036226
036239
036284
036331
036394
036478
036504
036541
036547
036593
036598
036695
036731
036773
036824
036943
036975
037006
037134
037258
037395
037405
037455
037457
037491
037529
037590
037593
037703
037771
037850
037928
038037
038128
038304
038343
038400
038440
038479
038549
038648
038726
038839
038864
038895
038960
038983
039025
039087
039106
039195
039426
039597
039614
039620
039645
039647
039782
039835
039902
039986
039995
040030
040057
040268
040274
040283
040311
040312
040349
040353
040360
040376
040413
040473
040480
040534
040564
040583
040620
040646
040708
040727
040750
040762
040786
040795
040813
040830
040883
040958
040983
041000
041005
041034
041091
041112
041137
041195
041225
041250
041257
041271
041275
041276
041375
041445
041520
041539
041602
041665
041693
041712
041753
041779
041904
042036
042048
042057
042085
042187
042207
042265
042279
042366
042374
042394
042398
042469
042497
042514
042546
042599
042621
042635
042665
042682
042753
042776
042798
042810
042834
042849
042873
042881
042923
042939
043054
043091
043096
043101
043112
043181
043244
043268
043392
043397
043453
043463
043562
043606
043613
043650
043670
043672
043673
043720
043735
043737
043744
043797
043807
043820
043859
043887
043888
043900
043904
043919
043990
044062
044192
044325
044329
044353
044417
044449
044502
044511
044523
044542
044577
044587
044614
044626
044746
044759
044779
044794
044854
044859
044902
044963
045003
045019
045066
045199
045226
045287
045302
045320
045441
045473
045492
045494
045511
045580
045614
045634
045766
045797
045853
045862
046001
046044
046050
046093
046155
046182
046210
046243
046247
046254
046281
046436
046472
046760
046809
046829
046970
046990
047005
047021
047026
047081
047201
047228
047264
047297
047354
047359
047362
047377
047438
047468
047506
047541
047561
047602
047621
047677
047694
047778
047826
047849
047874
048016
048061
048100
048156
048196
048246
048260
048263
048326
048358
048377
048402
048412
048433
048463
048498
048499
048561
048580
048660
048766
048770
048836
048933
048973
049016
049133
049149
049154
049163
049167
049278
049288
049294
049300
049352
049355
049421
049556
049724
049758
049799
049810
049915
049927
049965
049990
049991
050016
050017
050054
050120
050162
050215
050222
050237
050304
050309
050344
050390
050456
050463
050501
050528
050780
050794
050795
050845
050860
050935
051014
051047
051056
051132
051191
051201
051263
051297
051362
051416
051483
051503
051525
051629
051702
051729
051758
051768
051815
051880
052093
052149
052211
052217
052262
052320
052353
052371
052373
052398
052410
052490
052497
052571
052640
052641
052648
052728
052753
052758
052825
052839
052847
052873
052905
052947
053019
053090
053098
053154
053234
053296
053324
053327
053379
053429
053461
053470
053480
053500
053532
053640
053705
053789
053819
053876
053887
053948
053950
053958
054053
054100
054201
054222
054236
054263
054267
054383
054429
054430
054458
054520
054576
054643
054644
054679
054705
054719
054748
054758
054775
054884
054896
054926
054946
054949
055101
055132
055140
055217
055223
055304
055355
055391
055415
055417
055419
055472
055524
055544
055556
055612
055709
055772
055888
055892
055945
055974
055992
056151
056156
056349
056402
056491
056538
056642
056667
056686
056715
056720
056735
056810
056814
056857
057054
057064
057073
057127
057152
057196
057212
057213
057223
057320
057488
057679
057699
057731
057811
057841
057950
057963
057986
057995
057997
058116
058302
058314
058341
058360
058384
058391
058416
058497
058550
058597
058645
058662
058738
058799
058818
058830
058867
058974
059129
059130
059207
059244
059247
059269
059284
059301
059308
059392
059396
059409
059533
059536
059579
059663
059673
059688
059698
059709
059724
059758
059775
059884
059948
060063
060140
060181
060214
060233
060250
060251
060312
060318
060383
060431
060477
060483
060568
060576
060580
060587
060614
060650
060698
060751
060794
060861
060891
060941
060964
061012
061029
061054
061063
061150
061154
061224
061302
061352
061375
061395
061480
061502
061514
061604
061607
061674
061701
061707
061830
061867
061900
061903
061916
062049
062065
062074
062118
062121
062139
062141
062143
062198
062228
062278
062351
062461
062596
062619
062767
062778
062800
062802
062835
062862
062922
063022
063034
063120
063136
063163
063171
063180
063288
063297
063429
063458
063483
063517
063528
063580
063584
063587
063604
063608
063625
063759
063763
063796
063848
063873
063889
063946
064071
064074
064113
064154
064189
064190
064222
064241
064276
064324
064408
064442
064468
064525
064544
064577
064610
064631
064653
064662
064685
064689
064902
064925
064989
065002
065040
065042
065195
065210
065333
065336
065358
065380
065400
