000020
000155
000225
000261
000281
000485
000574
000628
000647
000751
001242
001258
001378
001470
001579
001918
001970
002156
002559
002692
002796
002893
002896
003019
003035
003133
003165
003168
003274
003847
003936
004029
004158
004571
004763
004849
004875
004886
005117
005155
005213
005217
005499
005716
005799
006014
006103
006175
006254
006282
006814
007281
007293
007446
007492
007507
008037
008098
008537
008718
008938
009105
009652
009743
009921
009979
010106
010113
010192
010259
010292
010406
010508
010784
010790
010805
010967
011187
011441
011450
011696
011735
011797
011879
012381
012898
013227
013567
013597
013692
013801
013964
014060
014066
014228
014278
014310
014366
014574
014590
014609
014860
015102
015132
015184
015372
015471
015542
015595
015661
015755
015852
015883
015885
016012
016204
016230
016384
016417
016488
016701
016852
016963
017121
017248
017419
017486
017489
017557
017615
017673
017710
017795
017824
017883
017903
018002
018013
018180
018410
018492
018575
018896
019072
019577
019673
019677
019751
019916
019918
020092
020099
020111
020131
020172
020240
020297
020332
020757
020948
021018
021045
021047
021102
021196
021280
021366
021401
021637
021676
021689
021826
021835
022054
022103
022140
022226
022282
022307
022451
022523
022700
022858
022965
023027
023576
023612
023666
024301
024488
024664
024721
024836
024842
024899
024901
024905
024925
024932
025012
025019
025055
025104
025169
025408
025420
025478
025537
025582
025626
025640
025679
025764
025789
025804
025955
026501
026516
026676
027394
027415
027417
027452
027873
027902
028401
028548
028553
028607
028951
029230
029450
029485
029548
029561
029809
029862
029938
029974
030503
030561
030661
030730
030805
030841
030899
031019
031131
031190
031400
031430
031459
031490
032009
032143
032377
032392
032543
032602
033112
033253
033382
033671
033720
033859
033960
034366
034454
034607
034621
034693
034721
034779
034784
034939
034982
035005
035063
035136
035207
035319
035439
035453
035479
035481
035537
035762
036087
036394
036478
036504
037001
037006
037397
037703
037746
037850
038073
038128
038839
039087
039106
039426
039620
039652
040081
040268
040283
040473
040564
040583
040646
040813
040983
041005
041012
041112
041375
041445
041680
041712
042036
042057
042546
042643
042669
043004
043112
043244
043562
043606
043648
043735
043737
043859
043900
043904
043919
044062
044329
044434
044449
044511
044577
044587
044626
044902
045199
045226
045302
045473
045745
045797
045862
045941
046001
046044
046093
046247
046760
047005
047201
047220
047377
047541
047677
047778
047858
048013
048016
048041
048358
048377
048499
049030
049355
049628
049724
049810
049915
049927
049965
049991
050017
050229
050304
050409
050458
050501
050523
050601
050794
050886
051132
051478
051503
051525
051702
051815
051880
052093
052149
052262
052398
052497
052640
052827
052839
052847
053090
053360
053480
053500
053950
054033
054236
054263
054644
054758
054896
054946
055200
055217
055304
055309
055392
055419
055612
055639
056431
056635
056715
056720
056810
056857
057047
057223
057320
057380
057731
057811
057995
057997
058236
058391
058520
058550
058597
058662
058771
059130
059297
059521
059533
059536
059579
059775
059943
059948
060063
060120
060181
060250
060312
060383
060412
060433
060751
060861
061063
061106
061480
061604
061664
061701
061916
062054
062058
062118
062141
062143
062386
062596
063034
063125
063171
063580
064154
064206
064276
064442
064468
064608
064689
065073
065380
065400
