000020
000069
000155
000213
000225
000261
000281
000289
000352
000407
000485
000525
000574
000628
000647
000750
000751
000763
000877
000965
001087
001188
001214
001242
001258
001275
001378
001393
001399
001470
001704
001736
001816
001918
001954
001970
002022
002051
002156
002163
002272
002284
002295
002298
002551
002559
002603
002628
002692
002723
002796
002800
002850
002896
002926
003019
003035
003049
003133
003165
003168
003225
003274
003330
003525
003645
003672
003775
003847
003971
004029
004071
004177
004248
004261
004367
004417
004438
004564
004694
004726
004747
004763
004846
004849
004875
004886
004922
005117
005129
005176
005213
005217
005440
005445
005499
005502
005503
005527
005536
005619
005716
005752
005799
005888
005902
006014
006015
006071
006103
006175
006254
006282
006325
006332
006341
006411
006421
006435
006648
006813
006814
006850
006883
006923
006970
007188
007203
007281
007374
007446
007492
007507
007531
007613
007704
007721
007754
007776
007827
007836
007850
007857
008098
008174
008206
008320
008537
008610
008718
008861
008938
009252
009268
009294
009332
009477
009479
009588
009649
009761
009921
009979
010113
010136
010154
010192
010209
010259
010292
010406
010508
010548
010555
010607
010637
010743
010784
010790
010805
010834
010864
010947
010948
010967
011011
011024
011095
011213
011323
011369
011396
011450
011549
011664
011696
011735
011861
011879
011885
012045
012120
012158
012238
012252
012343
012372
012381
012476
012653
012765
012844
012870
012924
012969
013027
013044
013096
013170
013227
013413
013597
013612
013613
013649
013692
013736
013801
013964
014006
014058
014060
014066
014233
014244
014278
014310
014366
014574
014590
014609
014637
014687
014785
014827
014860
014995
015102
015184
015212
015229
015283
015325
015372
015375
015464
015542
015551
015569
015595
015661
015707
015755
015852
015883
015885
015906
015928
016012
016143
016161
016204
016230
016384
016388
016417
016488
016576
016583
016701
016727
016735
016738
016787
016963
017114
017121
017165
017189
017227
017237
017248
017271
017346
017413
017489
017557
017562
017615
017673
017709
017721
017791
017795
017824
017841
017883
017903
017913
017936
017952
017969
018013
018076
018095
018164
018180
018410
018510
018575
018723
018805
019054
019072
019178
019206
019445
019567
019577
019618
019677
019816
019854
019916
019918
020044
020092
020099
020111
020131
020190
020240
020296
020297
020332
020344
020383
020384
020454
020458
020718
020757
020812
020948
021018
021094
021102
021153
021280
021366
021510
021586
021620
021676
021732
021835
021890
021919
022054
022103
022120
022140
022153
022282
022288
022401
022451
022523
022551
022581
022700
022725
022749
022789
022796
022858
022865
022965
022967
023027
023048
023076
023142
023478
023538
023576
023612
023666
023695
023922
024110
024129
024237
024301
024309
024488
024512
024533
024721
024820
024836
024842
024899
024901
024905
024925
024932
025009
025019
025055
025104
025324
025408
025420
025478
025590
025606
025626
025679
025753
025758
025764
025789
025804
025898
025955
026222
026262
026263
026432
026501
026562
026676
026697
026745
026764
026786
026867
026966
027115
027127
027337
027338
027340
027373
027394
027415
027452
027547
027758
027873
028064
028085
028095
028147
028238
028309
028310
028342
028401
028497
028548
028593
028622
028650
028723
028773
028793
028849
028850
028857
028905
028916
029067
029183
029218
029230
029244
029266
029450
029473
029485
029512
029548
029561
029732
029805
029809
029825
029862
029918
029938
029957
029974
030170
030220
030310
030341
030503
030536
030546
030666
030700
030703
030726
030730
030742
030805
030841
030899
030921
031019
031154
031190
031203
031245
031338
031400
031459
031689
031698
031890
032009
032028
032064
032114
032128
032143
032162
032232
032268
032271
032285
032377
032392
032408
032437
032475
032515
032602
032610
032846
032924
032975
033164
033176
033224
033253
033305
033328
033506
033671
033691
033698
033720
033761
033807
033847
033850
033859
033960
034009
034150
034267
034295
034320
034348
034370
034551
034607
034621
034629
034643
034693
034779
034784
034888
034939
034982
035005
035063
035067
035136
035207
035319
035400
035439
035444
035453
035481
035537
035593
035762
035777
035804
035884
035979
036173
036239
036283
036364
036394
036402
036478
036504
036574
036623
036773
036875
036969
036985
037001
037006
037134
037238
037397
037410
037436
037516
037575
037593
037618
037630
037681
037703
037850
037925
037928
038075
038128
038170
038328
038343
038440
038559
038562
038710
038777
038813
038839
038912
038925
038960
039087
039106
039109
039390
039426
039433
039459
039606
039620
039689
039872
039908
039971
040081
040114
040167
040169
040268
040274
040283
040311
040413
040470
040473
040564
040583
040646
040716
040750
040813
040948
040983
041005
041112
041137
041141
041205
041375
041388
041445
041504
041665
041712
041772
042036
042048
042057
042108
042279
042285
042287
042323
042398
042400
042420
042546
042643
042737
042764
042776
042821
042826
042949
042955
043004
043054
043112
043138
043232
043244
043445
043472
043562
043606
043735
043737
043816
043859
043900
043919
043968
044055
044062
044104
044186
044329
044434
044449
044476
044511
044518
044542
044577
044582
044587
044603
044626
044691
044713
044797
044902
044992
045019
045108
045152
045199
045225
045226
045266
045302
045320
045435
045473
045516
045604
045634
045746
045797
045811
045862
045898
046001
046025
046044
046055
046073
046093
046247
046252
046289
046387
046403
046452
046467
046472
046495
046699
046733
046760
046904
046964
046971
047005
047179
047201
047359
047377
047504
047537
047541
047577
047597
047667
047778
048013
048016
048159
048188
048260
048358
048377
048433
048499
048536
048555
048623
048748
048835
049030
049051
049163
049259
049294
049332
049355
049395
049680
049724
049778
049810
049912
049915
049927
049947
049965
049991
050014
050016
050017
050237
050304
050309
050438
050458
050499
050501
050523
050699
050794
050814
050910
050970
051124
051132
051273
051295
051336
051362
051478
051503
051525
051598
051702
051716
051768
051815
051880
052093
052149
052173
052221
052254
052262
052303
052398
052410
052497
052637
052640
052648
052696
052728
052737
052758
052805
052839
052847
052895
052956
053090
053099
053239
053244
053287
053319
053360
053379
053393
053422
053461
053480
053500
053537
053553
053611
053674
053780
053950
053958
054119
054140
054141
054201
054211
054236
054263
054332
054369
054421
054447
054530
054644
054648
054655
054686
054719
054758
054896
054926
054946
055013
055137
055200
055217
055223
055304
055332
055377
055391
055392
055415
055419
055435
055504
055612
055635
055680
055830
055845
055854
055945
056032
056183
056187
056224
056314
056317
056485
056635
056715
056720
056735
056743
056769
056810
056857
056941
057039
057196
057223
057320
057380
057692
057731
057811
057995
057997
058010
058147
058177
058236
058391
058416
058513
058515
058520
058550
058597
058638
058662
058771
058776
058799
058859
058941
059033
059130
059201
059255
059269
059284
059449
059465
059521
059533
059536
059579
059709
059775
059844
059907
059948
060063
060147
060181
060191
060250
060312
060383
060412
060479
060751
060861
060964
060982
061063
061118
061404
061448
061480
061604
061664
061701
061738
061916
062049
062065
062068
062118
062141
062143
062188
062374
062482
062596
062653
062800
062880
063028
063034
063125
063171
063180
063230
063429
063550
063580
063759
063780
063794
063881
063940
064204
064206
064276
064366
064442
064468
064498
064544
064577
064688
064689
065040
065059
065136
065210
065335
065380
065400
065406
