000110
000155
000224
000261
000281
000289
000352
000384
000407
000488
000574
000647
000662
000750
000842
000877
000965
001087
001242
001378
001386
001399
001704
001736
001816
001912
001954
001970
002132
002156
002163
002241
002284
002298
002419
002551
002559
002603
002723
002796
002834
002896
003019
003049
003096
003126
003133
003165
003168
003225
003330
003525
003573
003645
003672
003803
003847
003971
004029
004071
004248
004301
004367
004417
004438
004538
004656
004694
004726
004747
004763
004793
004846
004886
004888
004922
005123
005129
005176
005213
005217
005440
005499
005527
005701
005721
005799
005888
006015
006071
006103
006175
006254
006325
006332
006411
006421
006435
006592
006648
006814
006850
006883
006970
007188
007276
007289
007302
007374
007446
007531
007613
007721
007776
007827
007836
007857
007904
008174
008206
008320
008543
008557
008593
008718
008861
008938
009080
009294
009295
009332
009432
009479
009505
009581
009684
009921
010109
010113
010154
010192
010209
010292
010351
010406
010607
010637
010784
010790
010805
010864
010937
010948
011024
011095
011193
011241
011257
011323
011396
011450
011664
011685
011861
011879
011885
012158
012238
012343
012381
012457
012653
012765
012924
012969
013027
013096
013119
013170
013404
013597
013613
013649
013692
014006
014058
014060
014061
014066
014244
014310
014366
014571
014574
014590
014609
014637
014726
014785
014860
014895
014995
015102
015163
015184
015229
015283
015325
015375
015464
015542
015551
015590
015595
015634
015661
015693
015852
015883
015885
015888
015928
016012
016161
016204
016230
016362
016388
016417
016507
016583
016599
016735
016787
016878
017121
017165
017237
017271
017317
017346
017413
017489
017532
017615
017709
017721
017841
017872
017903
017913
017936
017948
017969
018013
018076
018164
018220
018410
018510
018845
019072
019178
019244
019375
019445
019567
019577
019618
019677
019732
019916
019918
019935
020044
020099
020111
020131
020190
020296
020297
020332
020344
020384
020688
020718
020895
020948
020979
021018
021062
021094
021153
021245
021532
021586
021620
021676
021890
021919
022054
022103
022140
022153
022190
022282
022288
022401
022451
022503
022581
022796
022858
022865
022965
022967
023027
023048
023065
023076
023142
023313
023478
023538
023576
023652
023666
023726
023995
024083
024110
024129
024237
024242
024301
024309
024339
024409
024488
024512
024721
024791
024820
024836
024872
024876
024899
024901
024905
024932
025044
025055
025094
025104
025207
025365
025408
025478
025590
025606
025655
025659
025679
025804
025955
025981
026174
026222
026262
026417
026562
026676
026745
026757
026786
026801
027115
027127
027337
027338
027340
027373
027394
027547
027606
027682
027758
027921
028095
028147
028238
028310
028342
028401
028470
028497
028548
028613
028622
028773
028793
028838
028849
028850
028857
028905
028916
029067
029106
029183
029218
029230
029266
029450
029512
029561
029562
029626
029752
029753
029805
029809
029825
029853
029886
029918
029938
029957
030087
030170
030220
030310
030503
030536
030666
030693
030700
030703
030726
030742
030805
030854
030875
031190
031295
031400
031577
031689
031698
032009
032024
032028
032064
032114
032128
032162
032232
032268
032271
032377
032392
032408
032437
032515
032579
032602
032610
032918
032924
033096
033164
033176
033265
033328
033426
033506
033626
033691
033698
033720
033761
033807
033847
033850
034150
034295
034320
034348
034370
034551
034607
034621
034629
034779
035005
035063
035136
035207
035348
035400
035439
035440
035444
035453
035537
035593
035762
035884
035904
036173
036231
036239
036283
036364
036394
036402
036478
036574
036875
036890
037001
037043
037134
037238
037410
037516
037575
037703
037850
037928
038021
038075
038128
038170
038224
038271
038304
038328
038440
038559
038561
038562
038710
038912
038913
038960
039061
039087
039106
039109
039390
039394
039426
039459
039484
039606
039689
039768
039781
039908
039921
040114
040167
040274
040283
040311
040413
040470
040473
040564
040583
040646
040716
040750
040948
041000
041005
041112
041133
041137
041375
041388
041445
041504
041602
041665
041712
041820
041983
042048
042057
042063
042108
042279
042285
042287
042290
042323
042398
042400
042546
042665
042672
042776
042783
042821
042826
042873
042939
042949
042955
043004
043091
043112
043232
043244
043303
043445
043472
043562
043606
043735
043737
043816
043859
043919
043968
044104
044186
044449
044461
044518
044523
044542
044544
044577
044582
044587
044615
044626
044691
044779
044854
044902
044992
045019
045066
045108
045152
045199
045226
045320
045435
045441
045516
045604
045634
045811
045862
045914
045968
046001
046055
046057
046073
046184
046247
046252
046289
046387
046403
046472
046733
046760
046809
046864
046904
046964
046971
047005
047201
047218
047317
047359
047377
047438
047468
047537
047577
047694
047846
047928
048016
048159
048260
048377
048433
048536
048542
048555
048713
048748
048835
049051
049163
049259
049294
049332
049355
049395
049556
049778
049810
049889
049891
049912
049924
049927
049947
049965
049991
050016
050199
050237
050272
050309
050499
050501
050699
050794
050910
050970
051191
051211
051273
051295
051362
051435
051478
051503
051514
051593
051702
051768
051815
051829
051841
051880
052093
052149
052173
052211
052254
052320
052398
052410
052490
052497
052571
052640
052648
052696
052715
052728
052737
052758
052839
052847
052899
053090
053099
053287
053319
053379
053393
053461
053480
053500
053532
053553
053611
053668
053674
053780
053948
053950
053958
054119
054141
054236
054263
054421
054530
054576
054644
054648
054651
054655
054679
054686
054719
054758
054926
054946
055013
055137
055217
055223
055294
055304
055335
055377
055391
055419
055435
055600
055892
056032
056183
056187
056224
056314
056317
056720
056729
056735
056771
056857
056950
057000
057320
057488
057536
057621
057692
057699
057811
057995
057997
058010
058147
058177
058178
058302
058360
058416
058515
058550
058597
058645
058662
058776
058847
058859
058941
059130
059201
059207
059269
059284
059392
059396
059521
059709
059844
059884
059948
060058
060063
060147
060191
060250
060312
060382
060383
060479
060568
060637
060751
060877
060964
061012
061060
061276
061480
061701
061738
062049
062118
062121
062141
062143
062188
062351
062461
062482
062653
062802
062880
063028
063180
063387
063429
063550
063580
063759
063780
063794
063881
064072
064204
064241
064276
064366
064408
064468
064544
064577
064581
064616
064685
064688
064913
065040
065059
065136
065210
065336
065358
065380
065400
