000020
000130
000236
000261
000281
000574
000647
000751
000965
001082
001242
001970
002132
002156
002559
002692
002796
002896
002926
002997
003019
003035
003165
003168
003646
003672
003847
004417
004726
004849
004875
004886
005213
005217
005499
005794
005955
006014
006041
006103
006175
006254
006813
006814
007109
007211
007446
007492
007592
007613
007802
008098
008206
008718
009163
009581
009588
009772
009827
009845
009979
010113
010180
010188
010192
010259
010284
010292
010406
010508
010607
010743
010784
010790
011664
011885
012197
013597
013692
013964
014060
014066
014310
014366
014590
014609
014647
014687
014860
015102
015184
015222
015375
015542
015595
015618
015661
015755
015852
015883
015885
016012
016101
016161
016185
016204
016230
016388
016417
016701
016963
017121
017413
017615
017795
018013
018180
018410
018992
019025
019072
019178
019385
019487
019577
019677
019783
019832
019916
019918
020099
020111
020131
020161
020240
020297
020332
020948
021018
021094
021102
021280
021366
021401
021510
021586
021676
021732
021890
022054
022103
022120
022140
022282
022451
022484
022523
022700
022858
022965
023027
023612
023666
023996
024488
024836
024905
024925
024932
025055
025104
025408
025478
025548
025557
025679
025692
025804
026262
026676
026691
026801
026881
027394
027415
027435
027442
028116
028342
028401
028548
028622
028723
029230
029450
029485
029561
029626
029809
029938
029974
029996
030094
030154
030503
030509
030666
030719
030726
030805
031019
031190
031203
031943
032004
032009
032271
032373
032377
032392
032924
033720
033761
033859
034267
034295
034366
034607
034621
034693
034779
035005
035063
035136
035207
035439
035453
035481
035537
035762
036239
036394
036478
036504
036593
037544
037703
037850
037928
038128
038343
038444
038559
038912
039087
039102
039106
039254
039426
039433
039579
039620
040338
040473
040564
040793
040813
040983
041005
041112
041137
041375
041445
041712
042057
042398
042546
042595
043054
043112
043244
043562
043606
043669
043735
043737
043873
043900
043919
044449
044511
044523
044577
044587
044626
044758
044854
044902
045019
045066
045199
045226
045320
045491
045622
045658
045797
045799
045862
045893
046001
046247
046254
046760
047005
047201
047359
047377
047541
047971
048016
048377
049578
049676
049724
049810
049913
049915
049927
049965
050230
050304
050501
050794
050849
051362
051478
051525
051702
051815
051880
051951
052093
052149
052398
052497
052640
052839
052847
053090
053210
053480
053500
054236
054263
054530
054644
054689
054758
054946
055053
055304
055332
055415
055419
055544
055854
055946
056203
056715
056720
056810
056857
056889
057320
057731
057811
057995
057997
058178
058391
058513
058520
058550
058597
058662
059218
059536
059579
059709
059775
059948
060000
060068
060250
060312
060383
060861
061276
061480
061604
061614
061701
061916
062049
062065
062118
062141
062143
062596
062800
062880
063034
063171
063411
063455
063580
064276
064468
064577
064689
064756
064967
065210
065380
065400
