# unix_time, cycles_done, cur_path, paths_total, pending_total, pending_favs, map_size, unique_crashes, unique_hangs, max_depth, execs_per_sec
1522366019, 0, 0, 1, 1, 1, 3.88%, 0, 0, 1, 296.30
1522366024, 0, 0, 198, 198, 1, 5.50%, 0, 0, 2, 929.92
1522366029, 0, 0, 333, 333, 1, 5.85%, 0, 0, 2, 735.26
1522366034, 0, 0, 434, 434, 1, 6.05%, 0, 0, 2, 802.89
1522366039, 0, 0, 511, 511, 1, 6.28%, 0, 0, 2, 845.44
1522366044, 0, 0, 630, 629, 0, 6.65%, 0, 0, 2, 499.33
1522366050, 0, 0, 792, 791, 0, 6.83%, 0, 0, 2, 386.62
1522366055, 0, 5, 894, 893, 269, 6.92%, 0, 0, 3, 878.76
1522366060, 0, 5, 911, 910, 269, 6.95%, 0, 0, 3, 1242.89
1522366065, 0, 24, 930, 925, 279, 6.96%, 0, 0, 3, 1290.72
1522366070, 0, 34, 1027, 1021, 289, 7.29%, 0, 0, 3, 1520.00
1522366075, 0, 34, 1064, 1058, 289, 7.29%, 0, 0, 3, 702.45
1522366080, 0, 56, 1108, 1097, 282, 7.35%, 0, 0, 3, 883.88
1522366085, 0, 73, 1160, 1148, 296, 7.38%, 0, 0, 3, 1567.49
1522366091, 0, 73, 1200, 1188, 296, 7.40%, 0, 0, 3, 341.88
1522366096, 0, 76, 1221, 1208, 293, 7.41%, 0, 0, 3, 911.93
1522366101, 0, 76, 1234, 1221, 293, 7.46%, 0, 0, 3, 1011.15
1522366106, 0, 84, 1255, 1240, 291, 7.46%, 0, 0, 3, 1109.69
1522366111, 0, 84, 1266, 1251, 291, 7.47%, 0, 0, 3, 1029.84
1522366116, 0, 84, 1290, 1274, 290, 7.47%, 0, 0, 3, 674.63
1522366121, 0, 84, 1363, 1347, 290, 7.48%, 0, 0, 3, 348.09
1522366126, 0, 92, 1398, 1382, 299, 7.68%, 0, 0, 3, 1594.72
1522366132, 0, 109, 1404, 1385, 298, 7.68%, 0, 0, 3, 1507.10
1522366137, 0, 134, 1414, 1394, 297, 7.69%, 0, 0, 3, 1199.62
1522366142, 0, 134, 1417, 1397, 297, 7.69%, 0, 0, 3, 1029.77
1522366150, 0, 134, 1421, 1401, 297, 7.70%, 0, 0, 3, 2.77
1522366156, 0, 134, 1442, 1421, 296, 7.73%, 0, 0, 3, 0.37
1522366163, 0, 134, 1489, 1468, 296, 7.78%, 0, 0, 3, 0.00
1522366174, 0, 134, 1527, 1506, 296, 7.82%, 0, 0, 3, 0.28
1522366179, 0, 134, 1564, 1543, 296, 7.89%, 0, 0, 3, 181.82
1522366241, 0, 134, 1565, 1544, 296, 7.89%, 0, 0, 3, 0.05
1522366271, 0, 134, 1583, 1562, 296, 7.92%, 0, 0, 3, 0.21
1522366277, 0, 134, 1645, 1624, 296, 7.97%, 0, 0, 3, 226.10
1522366294, 0, 134, 1687, 1666, 296, 8.03%, 0, 0, 3, 0.30
1522366305, 0, 134, 1717, 1696, 296, 8.11%, 0, 0, 3, 0.72
1522366310, 0, 134, 1826, 1805, 296, 8.37%, 0, 0, 3, 336.59
1522366315, 0, 159, 1859, 1835, 374, 8.40%, 0, 0, 3, 864.94
1522366320, 0, 159, 1861, 1837, 374, 8.40%, 0, 0, 3, 154.23
1522366325, 0, 159, 1866, 1842, 374, 8.40%, 0, 0, 3, 209.70
1522366342, 0, 181, 1867, 1842, 373, 8.40%, 0, 0, 3, 0.12
1522366348, 0, 181, 1873, 1848, 373, 8.40%, 0, 0, 3, 1180.86
1522366353, 0, 181, 1885, 1859, 372, 8.42%, 0, 0, 3, 233.48
1522366358, 0, 181, 1911, 1885, 372, 8.44%, 0, 0, 3, 140.11
1522366366, 0, 181, 1915, 1889, 372, 8.44%, 0, 0, 3, 0.28
1522366374, 0, 181, 1949, 1923, 372, 8.45%, 0, 0, 3, 0.50
1522366379, 0, 181, 2002, 1976, 372, 8.47%, 0, 0, 3, 150.09
1522366384, 0, 181, 2039, 2013, 372, 8.47%, 0, 0, 3, 155.29
1522366389, 0, 181, 2048, 2022, 372, 8.47%, 0, 0, 3, 184.71
1522366398, 0, 181, 2054, 2028, 372, 8.47%, 0, 0, 3, 0.24
1522366405, 0, 181, 2070, 2044, 372, 8.48%, 0, 0, 3, 1.93
1522366419, 0, 181, 2078, 2052, 372, 8.49%, 0, 0, 3, 0.00
1522366424, 0, 181, 2101, 2075, 372, 8.49%, 0, 0, 3, 3.36
1522366429, 0, 184, 2134, 2108, 394, 8.62%, 0, 0, 3, 115.32
1522366435, 0, 191, 2134, 2107, 393, 8.62%, 0, 0, 3, 7.12
1522366445, 0, 194, 2134, 2106, 392, 8.62%, 0, 0, 3, 1.94
1522366459, 0, 203, 2135, 2106, 391, 8.62%, 0, 0, 3, 0.70
1522366464, 0, 207, 2154, 2123, 390, 8.65%, 0, 0, 3, 114.80
1522366469, 0, 207, 2176, 2145, 390, 8.68%, 0, 0, 3, 89.49
1522366474, 0, 214, 2181, 2150, 395, 8.68%, 0, 0, 3, 1218.38
1522366495, 0, 227, 2181, 2149, 394, 8.68%, 0, 0, 3, 1.96
1522366500, 0, 230, 2192, 2159, 394, 8.68%, 0, 0, 3, 1603.67
1522366510, 0, 240, 2192, 2157, 392, 8.68%, 0, 0, 3, 4.46
1522366517, 0, 240, 2208, 2172, 391, 8.80%, 0, 0, 3, 0.48
1522366529, 0, 240, 2219, 2183, 391, 8.80%, 0, 0, 3, 0.19
1522366535, 0, 240, 2268, 2232, 391, 8.82%, 0, 0, 3, 1.18
1522366547, 0, 258, 2276, 2240, 406, 8.82%, 0, 0, 3, 0.64
1522366552, 0, 268, 2276, 2237, 403, 8.82%, 0, 0, 3, 989.71
1522366557, 0, 270, 2282, 2241, 401, 8.84%, 0, 0, 3, 112.71
1522366569, 0, 270, 2310, 2269, 401, 8.84%, 0, 0, 3, 0.23
1522366580, 0, 270, 2322, 2281, 401, 8.85%, 0, 0, 3, 0.10
1522366585, 0, 270, 2339, 2298, 401, 8.85%, 0, 0, 3, 88.89
1522366599, 0, 286, 2339, 2297, 403, 8.85%, 0, 0, 3, 1.12
1522366608, 0, 303, 2340, 2296, 402, 8.87%, 0, 0, 3, 1.33
1522366616, 0, 306, 2342, 2297, 401, 8.87%, 0, 0, 3, 1.77
1522366622, 0, 306, 2386, 2340, 400, 8.89%, 0, 0, 3, 105.90
1522366630, 0, 321, 2391, 2345, 403, 8.90%, 0, 0, 3, 5.99
1522366642, 0, 339, 2391, 2343, 401, 8.90%, 0, 0, 3, 5.43
1522366647, 0, 357, 2391, 2341, 399, 8.90%, 0, 0, 3, 1015.29
1522366652, 0, 373, 2421, 2370, 401, 8.97%, 0, 0, 3, 1308.09
1522366657, 0, 382, 2421, 2369, 400, 8.97%, 0, 0, 3, 1084.28
1522366662, 0, 385, 2421, 2368, 399, 8.97%, 0, 0, 3, 1060.00
1522366667, 0, 402, 2428, 2372, 396, 8.98%, 0, 0, 3, 1215.00
1522366673, 0, 413, 2429, 2371, 394, 8.98%, 0, 0, 3, 7.81
1522366687, 0, 420, 2429, 2370, 393, 8.98%, 0, 0, 3, 2.42
1522366692, 0, 422, 2434, 2373, 391, 8.99%, 0, 0, 3, 2.68
1522366700, 0, 440, 2445, 2383, 393, 9.00%, 0, 0, 3, 0.20
1522366707, 0, 450, 2447, 2383, 391, 9.00%, 0, 0, 3, 3.09
1522366712, 0, 453, 2456, 2390, 389, 9.00%, 0, 0, 3, 66.78
1522366717, 0, 486, 2460, 2392, 388, 9.00%, 0, 0, 3, 985.83
1522366725, 0, 488, 2460, 2391, 388, 9.00%, 0, 0, 3, 4.50
1522366734, 0, 494, 2468, 2397, 386, 9.00%, 0, 0, 3, 0.63
1522366739, 0, 508, 2475, 2403, 389, 9.00%, 0, 0, 3, 1137.03
1522366744, 0, 524, 2476, 2401, 387, 9.00%, 0, 0, 3, 1158.29
1522366758, 0, 524, 2480, 2404, 386, 9.00%, 0, 0, 3, 0.17
1522366763, 0, 529, 2493, 2416, 384, 9.00%, 0, 0, 3, 849.30
1522366768, 0, 530, 2493, 2415, 383, 9.00%, 0, 0, 3, 1211.82
1522366783, 0, 532, 2493, 2413, 381, 9.00%, 0, 0, 3, 3.07
1522366789, 0, 539, 2504, 2423, 381, 9.01%, 0, 0, 3, 7.49
1522366795, 0, 543, 2505, 2423, 380, 9.01%, 0, 0, 3, 11.40
1522366803, 0, 546, 2507, 2423, 378, 9.01%, 0, 0, 3, 2.90
1522366808, 0, 554, 2532, 2446, 377, 9.09%, 0, 0, 3, 163.15
1522366814, 0, 558, 2545, 2459, 384, 9.11%, 0, 0, 3, 2.98
1522366831, 0, 559, 2546, 2459, 384, 9.11%, 0, 0, 3, 0.19
1522366840, 0, 564, 2546, 2457, 382, 9.11%, 0, 0, 3, 1.63
1522366845, 0, 565, 2558, 2467, 380, 9.11%, 0, 0, 3, 62.69
1522366850, 0, 579, 2566, 2474, 379, 9.12%, 0, 0, 3, 1195.49
1522366858, 0, 580, 2566, 2473, 378, 9.12%, 0, 0, 3, 1.51
1522366864, 0, 580, 2567, 2474, 378, 9.12%, 0, 0, 3, 0.68
1522366869, 0, 584, 2567, 2472, 376, 9.12%, 0, 0, 3, 931.52
1522366875, 0, 590, 2580, 2484, 382, 9.14%, 0, 0, 3, 0.58
1522366880, 0, 596, 2580, 2483, 381, 9.14%, 0, 0, 3, 1317.06
1522366891, 0, 643, 2587, 2485, 378, 9.17%, 0, 0, 3, 1374.66
1522366896, 0, 678, 2587, 2483, 376, 9.17%, 0, 0, 3, 981.35
1522366901, 0, 694, 2592, 2486, 375, 9.17%, 0, 0, 3, 1530.81
1522366908, 0, 701, 2592, 2485, 374, 9.17%, 0, 0, 3, 5.86
1522366917, 0, 712, 2593, 2485, 375, 9.18%, 0, 0, 3, 0.64
1522366924, 0, 739, 2593, 2483, 373, 9.18%, 0, 0, 3, 2.54
1522366929, 0, 745, 2603, 2491, 372, 9.18%, 0, 0, 3, 877.80
1522366935, 0, 746, 2603, 2490, 371, 9.18%, 0, 0, 3, 7.16
1522366940, 0, 754, 2604, 2489, 370, 9.19%, 0, 0, 3, 14.57
1522366946, 0, 759, 2634, 2518, 370, 9.21%, 0, 0, 3, 8.98
1522366951, 0, 768, 2636, 2518, 368, 9.21%, 0, 0, 3, 871.46
1522366957, 0, 772, 2636, 2516, 366, 9.21%, 0, 0, 3, 15.94
1522366965, 0, 772, 2648, 2527, 365, 9.24%, 0, 0, 3, 0.19
1522366972, 0, 778, 2648, 2526, 367, 9.24%, 0, 0, 3, 8.49
1522366977, 0, 790, 2661, 2535, 363, 9.24%, 0, 0, 3, 70.41
1522366982, 0, 806, 2667, 2539, 364, 9.25%, 0, 0, 3, 604.77
1522366987, 0, 807, 2667, 2538, 363, 9.25%, 0, 0, 3, 1665.00
1522366994, 0, 816, 2670, 2539, 361, 9.25%, 0, 0, 3, 0.23
1522366999, 0, 824, 2678, 2545, 362, 9.26%, 0, 0, 3, 1193.59
1522367004, 0, 826, 2678, 2544, 361, 9.26%, 0, 0, 3, 1204.05
1522367013, 0, 830, 2678, 2543, 360, 9.26%, 0, 0, 3, 0.16
1522367018, 0, 839, 2701, 2565, 363, 9.27%, 0, 0, 3, 1255.58
1522367023, 0, 854, 2703, 2564, 360, 9.27%, 0, 0, 3, 1085.68
1522367028, 0, 866, 2714, 2572, 359, 9.27%, 0, 0, 3, 1096.19
1522367035, 0, 874, 2714, 2571, 358, 9.27%, 0, 0, 3, 2.26
1522367040, 0, 887, 2714, 2570, 357, 9.27%, 0, 0, 3, 314.27
1522367045, 0, 893, 2736, 2589, 355, 9.28%, 0, 0, 3, 1083.46
1522367055, 0, 897, 2736, 2587, 353, 9.28%, 0, 0, 3, 1253.57
1522367060, 0, 899, 2747, 2596, 351, 9.29%, 0, 0, 3, 741.60
1522367065, 0, 925, 2748, 2595, 349, 9.29%, 0, 0, 4, 1023.92
1522367070, 0, 944, 2748, 2594, 348, 9.29%, 0, 0, 4, 1235.15
1522367078, 0, 958, 2749, 2594, 348, 9.29%, 0, 0, 4, 0.15
1522367083, 0, 979, 2765, 2608, 347, 9.29%, 0, 0, 4, 747.23
1522367088, 0, 1006, 2765, 2606, 345, 9.29%, 0, 0, 4, 1000.01
1522367096, 0, 1018, 2765, 2605, 344, 9.29%, 0, 0, 4, 2.58
1522367101, 0, 1018, 2774, 2613, 343, 9.30%, 0, 0, 4, 210.49
1522367109, 0, 1018, 2787, 2626, 343, 9.30%, 0, 0, 4, 0.60
1522367114, 0, 1025, 2790, 2628, 341, 9.30%, 0, 0, 4, 154.84
1522367119, 0, 1074, 2790, 2626, 340, 9.30%, 0, 0, 4, 931.92
1522367126, 0, 1083, 2790, 2625, 339, 9.30%, 0, 0, 4, 5.25
1522367133, 0, 1083, 2798, 2632, 338, 9.34%, 0, 0, 4, 1.38
1522367138, 0, 1089, 2817, 2650, 342, 9.34%, 0, 0, 4, 1101.72
1522367145, 0, 1090, 2817, 2649, 341, 9.34%, 0, 0, 4, 6.26
1522367150, 0, 1093, 2817, 2648, 340, 9.34%, 0, 0, 4, 699.92
1522367163, 0, 1098, 2864, 2693, 355, 9.38%, 0, 0, 4, 1183.40
1522367168, 0, 1106, 2865, 2692, 354, 9.38%, 0, 0, 4, 1145.15
1522367174, 0, 1106, 2866, 2693, 354, 9.38%, 0, 0, 4, 1.73
1522367181, 0, 1116, 2866, 2691, 353, 9.38%, 0, 0, 4, 6.10
1522367186, 0, 1128, 2883, 2706, 353, 9.41%, 0, 0, 4, 1678.48
1522367191, 0, 1146, 2884, 2705, 351, 9.41%, 0, 0, 4, 1299.98
1522367196, 0, 1150, 2886, 2705, 350, 9.41%, 0, 0, 4, 977.99
1522367201, 0, 1162, 2895, 2713, 348, 9.46%, 0, 0, 4, 1705.36
1522367206, 0, 1166, 2895, 2712, 347, 9.46%, 0, 0, 4, 1327.13
1522367211, 0, 1209, 2895, 2710, 345, 9.46%, 0, 0, 4, 1048.21
1522367221, 0, 1212, 2901, 2715, 346, 9.47%, 0, 0, 4, 5.07
1522367231, 0, 1218, 2901, 2713, 344, 9.47%, 0, 0, 4, 3.71
1522367236, 0, 1228, 2901, 2711, 342, 9.47%, 0, 0, 4, 1109.61
1522367241, 0, 1245, 2905, 2714, 345, 9.48%, 0, 0, 4, 660.71
1522367247, 0, 1267, 2905, 2712, 344, 9.48%, 0, 0, 4, 2.31
1522367253, 0, 1313, 2914, 2718, 344, 9.48%, 0, 0, 4, 0.56
1522367258, 0, 1319, 2916, 2719, 343, 9.48%, 0, 0, 4, 1045.79
1522367263, 0, 1355, 2916, 2717, 341, 9.48%, 0, 0, 4, 924.97
1522367269, 0, 1357, 2916, 2716, 340, 9.48%, 0, 0, 4, 1.60
1522367276, 0, 1363, 2927, 2726, 342, 9.51%, 0, 0, 4, 1.29
1522367282, 0, 1365, 2928, 2726, 341, 9.51%, 0, 0, 4, 2.43
1522367287, 0, 1372, 2928, 2724, 339, 9.51%, 0, 0, 4, 27.85
1522367294, 0, 1403, 2934, 2728, 339, 9.51%, 0, 0, 4, 2.19
1522367300, 0, 1404, 2937, 2730, 338, 9.51%, 0, 0, 4, 7.93
1522367305, 0, 1413, 2939, 2729, 336, 9.51%, 0, 0, 4, 1091.73
1522367314, 0, 1417, 2944, 2733, 335, 9.52%, 0, 0, 4, 2.47
1522367323, 0, 1454, 2944, 2731, 333, 9.52%, 0, 0, 4, 3.92
1522367328, 0, 1491, 2951, 2734, 326, 9.52%, 0, 0, 4, 1171.08
1522367333, 0, 1580, 2952, 2732, 324, 9.52%, 0, 0, 4, 1003.91
1522367344, 0, 1580, 2956, 2735, 323, 9.52%, 0, 0, 4, 1.18
1522367350, 0, 1609, 2957, 2734, 321, 9.52%, 0, 0, 4, 0.68
1522367355, 0, 1634, 2959, 2733, 319, 9.52%, 0, 0, 4, 147.37
1522367360, 0, 1634, 2961, 2735, 319, 9.52%, 0, 0, 4, 396.39
1522367365, 0, 1651, 2961, 2733, 317, 9.52%, 0, 0, 4, 716.42
1522367374, 0, 1658, 2961, 2732, 317, 9.52%, 0, 0, 4, 2.11
1522367384, 0, 1662, 2972, 2741, 318, 9.53%, 0, 0, 4, 355.00
1522367407, 0, 1676, 2973, 2739, 314, 9.54%, 0, 0, 4, 364.51
1522367412, 0, 1676, 2975, 2741, 314, 9.54%, 0, 0, 4, 370.04
1522367417, 0, 1682, 2975, 2740, 314, 9.54%, 0, 0, 4, 209.76
1522367427, 0, 1689, 2989, 2752, 315, 9.54%, 0, 0, 4, 253.31
1522367432, 0, 1713, 2989, 2749, 313, 9.54%, 0, 0, 4, 1202.40
