# unix_time, cycles_done, cur_path, paths_total, pending_total, pending_favs, map_size, unique_crashes, unique_hangs, max_depth, execs_per_sec
1522270358, 0, 0, 1, 1, 1, 2.03%, 0, 0, 1, 800.00
1522270363, 0, 0, 205, 205, 1, 3.37%, 0, 0, 2, 1137.64
1522270368, 0, 0, 298, 298, 1, 3.60%, 0, 0, 2, 1162.04
1522270373, 0, 0, 698, 697, 0, 5.18%, 0, 0, 2, 1073.81
1522270378, 0, 52, 731, 724, 234, 5.22%, 0, 0, 3, 1340.06
1522270383, 0, 79, 735, 725, 233, 5.23%, 0, 0, 3, 1368.08
1522270388, 0, 97, 743, 728, 232, 5.25%, 0, 0, 3, 1464.12
1522270394, 0, 124, 754, 736, 235, 5.29%, 0, 0, 3, 1390.06
1522270399, 0, 140, 761, 739, 234, 5.30%, 0, 0, 3, 1285.83
1522270404, 0, 162, 762, 737, 231, 5.30%, 0, 0, 3, 1286.20
1522270409, 0, 187, 769, 739, 229, 5.31%, 0, 0, 3, 1332.34
1522270414, 0, 198, 778, 745, 226, 5.37%, 0, 0, 3, 1300.85
1522270419, 0, 213, 788, 752, 226, 5.38%, 0, 0, 3, 1250.48
1522270424, 0, 233, 790, 750, 223, 5.38%, 0, 0, 3, 1287.74
1522270429, 0, 258, 799, 756, 221, 5.38%, 0, 0, 3, 1288.85
1522270435, 0, 296, 817, 770, 224, 5.44%, 0, 0, 3, 1374.61
1522270440, 0, 304, 819, 769, 221, 5.44%, 0, 0, 3, 1414.90
1522270445, 0, 319, 824, 770, 217, 5.44%, 0, 0, 3, 1430.17
1522270450, 0, 328, 844, 786, 218, 5.46%, 0, 0, 3, 1447.53
1522270455, 0, 346, 858, 796, 218, 5.47%, 0, 0, 3, 1433.10
1522270460, 0, 352, 862, 796, 214, 5.48%, 0, 0, 3, 1435.65
1522270465, 0, 367, 872, 803, 218, 5.53%, 0, 0, 3, 1449.77
1522270471, 0, 373, 881, 809, 218, 5.53%, 0, 0, 3, 1426.89
1522270476, 0, 389, 887, 811, 214, 5.53%, 0, 0, 3, 1383.44
1522270481, 0, 404, 893, 815, 213, 5.54%, 0, 0, 3, 1405.02
1522270486, 0, 412, 894, 812, 209, 5.54%, 0, 0, 3, 1433.43
1522270491, 0, 414, 898, 815, 208, 5.54%, 0, 0, 3, 1394.33
1522270496, 0, 423, 915, 828, 220, 5.73%, 0, 0, 3, 1429.23
1522270501, 0, 432, 934, 843, 220, 5.77%, 0, 0, 3, 1420.80
1522270506, 0, 446, 936, 841, 217, 5.77%, 0, 0, 3, 1440.12
1522270511, 0, 453, 946, 848, 219, 5.78%, 0, 0, 3, 1426.50
1522270516, 0, 461, 953, 851, 217, 5.78%, 0, 0, 3, 1387.61
1522270522, 0, 475, 954, 849, 214, 5.78%, 0, 0, 3, 1432.48
1522270527, 0, 486, 957, 849, 211, 5.78%, 0, 0, 3, 1435.88
1522270532, 0, 492, 973, 862, 206, 5.83%, 0, 0, 3, 1278.04
1522270537, 0, 492, 977, 866, 206, 5.83%, 0, 0, 3, 1106.27
1522270542, 0, 497, 978, 865, 207, 5.83%, 0, 0, 3, 1130.15
1522270547, 0, 499, 991, 875, 204, 5.86%, 0, 0, 3, 1081.89
1522270552, 0, 508, 994, 876, 205, 5.86%, 0, 0, 3, 1128.27
1522270558, 0, 518, 1020, 899, 210, 5.89%, 0, 0, 3, 1085.61
1522270563, 0, 529, 1022, 898, 207, 5.89%, 0, 0, 3, 1142.33
1522270568, 0, 535, 1050, 922, 212, 5.93%, 0, 0, 3, 1121.87
1522270573, 0, 545, 1059, 927, 208, 5.99%, 0, 0, 3, 1093.80
1522270578, 0, 552, 1061, 926, 205, 5.99%, 0, 0, 3, 1128.04
1522270583, 0, 572, 1076, 936, 205, 6.01%, 0, 0, 3, 1124.11
1522270589, 0, 576, 1090, 948, 206, 6.03%, 0, 0, 3, 1137.86
1522270594, 0, 585, 1097, 950, 202, 6.05%, 0, 0, 3, 1129.62
1522270599, 0, 588, 1101, 952, 200, 6.05%, 0, 0, 3, 1142.71
1522270604, 0, 600, 1112, 959, 200, 6.06%, 0, 0, 3, 1148.17
1522270609, 0, 606, 1118, 961, 198, 6.06%, 0, 0, 3, 1110.26
1522270614, 0, 616, 1118, 956, 194, 6.06%, 0, 0, 3, 1068.13
1522270619, 0, 621, 1118, 953, 191, 6.06%, 0, 0, 3, 1122.44
1522270624, 0, 632, 1129, 960, 190, 6.07%, 0, 0, 3, 1117.09
1522270630, 0, 646, 1138, 965, 191, 6.09%, 0, 0, 3, 1153.38
1522270635, 0, 659, 1140, 963, 187, 6.09%, 0, 0, 3, 1134.89
1522270641, 0, 671, 1140, 960, 183, 6.09%, 0, 0, 3, 5.14
1522270653, 0, 677, 1160, 977, 182, 6.12%, 0, 0, 3, 1.92
1522270662, 0, 682, 1160, 975, 181, 6.12%, 0, 0, 3, 3.52
1522270667, 0, 684, 1175, 988, 182, 6.13%, 0, 0, 3, 10.58
1522270674, 0, 706, 1179, 985, 177, 6.14%, 0, 0, 3, 5.22
1522270682, 0, 709, 1182, 986, 177, 6.14%, 0, 0, 3, 2.58
1522270687, 0, 731, 1187, 985, 171, 6.14%, 0, 0, 3, 1135.53
1522270692, 0, 737, 1187, 983, 169, 6.14%, 0, 0, 3, 1215.00
1522270699, 0, 739, 1187, 982, 168, 6.14%, 0, 0, 3, 4.10
1522270708, 0, 740, 1199, 993, 172, 6.15%, 0, 0, 3, 3.45
1522270713, 0, 744, 1200, 991, 170, 6.15%, 0, 0, 3, 1530.00
1522270718, 0, 748, 1240, 1028, 183, 6.27%, 0, 0, 3, 1258.83
1522270730, 0, 752, 1241, 1026, 181, 6.27%, 0, 0, 3, 3.31
1522270738, 0, 762, 1265, 1048, 185, 6.31%, 0, 0, 3, 0.26
1522270743, 0, 775, 1265, 1045, 182, 6.31%, 0, 0, 3, 1168.10
1522270748, 0, 788, 1291, 1069, 194, 6.51%, 0, 0, 3, 21.28
1522270753, 0, 792, 1292, 1068, 192, 6.51%, 0, 0, 4, 1540.00
1522270763, 0, 793, 1292, 1067, 191, 6.51%, 0, 0, 4, 3.42
1522270768, 0, 812, 1324, 1096, 189, 6.54%, 0, 0, 4, 1138.94
1522270774, 0, 813, 1324, 1095, 188, 6.54%, 0, 0, 4, 6.27
1522270782, 0, 816, 1338, 1106, 185, 6.54%, 0, 0, 4, 6.36
1522270787, 0, 829, 1339, 1104, 182, 6.54%, 0, 0, 4, 1224.48
1522270792, 0, 845, 1347, 1109, 177, 6.54%, 0, 0, 4, 1220.00
1522270806, 0, 856, 1350, 1110, 175, 6.54%, 0, 0, 4, 5.49
1522270812, 0, 861, 1389, 1147, 182, 6.57%, 0, 0, 4, 12.93
1522270819, 0, 868, 1392, 1148, 180, 6.57%, 0, 0, 4, 5.42
1522270824, 0, 891, 1403, 1154, 183, 6.59%, 0, 0, 4, 1401.70
1522270834, 0, 902, 1416, 1163, 181, 6.59%, 0, 0, 4, 0.20
1522270843, 0, 910, 1421, 1162, 176, 6.60%, 0, 0, 4, 0.16
1522270881, 0, 937, 1430, 1165, 174, 6.61%, 0, 0, 4, 0.80
1522270886, 0, 947, 1451, 1182, 168, 6.63%, 0, 0, 4, 1230.87
1522270900, 0, 952, 1455, 1184, 167, 6.63%, 0, 0, 4, 2.56
1522270909, 0, 957, 1455, 1182, 165, 6.63%, 0, 0, 4, 4.29
1522270914, 0, 989, 1483, 1206, 161, 6.65%, 0, 0, 4, 1234.76
1522270919, 0, 996, 1483, 1204, 159, 6.65%, 0, 0, 4, 1447.66
1522270932, 0, 1018, 1497, 1215, 158, 6.67%, 0, 0, 4, 1270.83
1522270937, 0, 1048, 1512, 1223, 154, 6.68%, 0, 0, 4, 1112.32
1522270956, 0, 1060, 1522, 1229, 151, 6.68%, 0, 0, 4, 0.07
1522270966, 0, 1067, 1544, 1247, 155, 6.70%, 0, 0, 4, 3.27
1522270971, 0, 1076, 1564, 1263, 160, 6.76%, 0, 0, 4, 1267.21
1522270976, 0, 1080, 1564, 1260, 157, 6.76%, 0, 0, 4, 14.75
1522270982, 0, 1102, 1567, 1259, 153, 6.76%, 0, 0, 4, 14.41
1522270987, 0, 1110, 1570, 1258, 150, 6.77%, 0, 0, 4, 38.11
1522270995, 0, 1125, 1580, 1264, 151, 6.79%, 0, 0, 4, 6.15
1522271000, 0, 1142, 1582, 1263, 149, 6.79%, 0, 0, 4, 1328.56
1522271005, 0, 1154, 1587, 1266, 149, 6.80%, 0, 0, 4, 1066.02
1522271017, 0, 1164, 1587, 1263, 146, 6.80%, 0, 0, 4, 2.67
1522271022, 0, 1175, 1597, 1270, 145, 6.81%, 0, 0, 4, 1425.00
1522271027, 0, 1195, 1602, 1269, 140, 6.81%, 0, 0, 4, 1202.23
1522271032, 0, 1225, 1604, 1268, 137, 6.81%, 0, 0, 4, 1148.62
1522271038, 0, 1235, 1606, 1267, 134, 6.81%, 0, 0, 4, 0.22
1522271044, 0, 1254, 1613, 1267, 128, 6.81%, 0, 0, 4, 0.59
1522271049, 0, 1270, 1620, 1269, 124, 6.81%, 0, 0, 4, 1330.20
1522271054, 0, 1278, 1622, 1267, 121, 6.81%, 0, 0, 4, 1020.00
1522271059, 0, 1278, 1627, 1272, 121, 6.81%, 0, 0, 4, 790.38
1522271069, 0, 1278, 1628, 1273, 121, 6.81%, 0, 0, 4, 2.20
1522271074, 0, 1294, 1653, 1294, 127, 6.90%, 0, 0, 4, 34.64
1522271079, 0, 1304, 1656, 1293, 124, 6.91%, 0, 0, 4, 1084.32
1522271084, 0, 1313, 1662, 1296, 122, 6.91%, 0, 0, 4, 990.00
1522271097, 0, 1337, 1668, 1299, 120, 6.91%, 0, 0, 4, 1.61
1522271102, 0, 1344, 1679, 1308, 126, 6.93%, 0, 0, 4, 27.87
1522271107, 0, 1357, 1682, 1308, 124, 6.93%, 0, 0, 4, 1116.90
1522271112, 0, 1395, 1691, 1313, 126, 6.95%, 0, 0, 4, 1091.95
1522271123, 0, 1399, 1691, 1311, 124, 6.95%, 0, 0, 4, 1.19
1522271128, 0, 1426, 1712, 1326, 124, 6.97%, 0, 0, 4, 1064.49
1522271133, 0, 1436, 1713, 1324, 121, 6.97%, 0, 0, 4, 1124.04
1522271138, 0, 1441, 1722, 1329, 118, 6.97%, 0, 0, 4, 1118.41
1522271144, 0, 1443, 1723, 1328, 117, 6.97%, 0, 0, 4, 1138.36
1522271149, 0, 1450, 1728, 1329, 115, 6.98%, 0, 0, 4, 1145.63
1522271154, 0, 1459, 1739, 1336, 111, 6.99%, 0, 0, 4, 1104.86
1522271159, 0, 1470, 1746, 1340, 111, 7.03%, 0, 0, 4, 1128.15
1522271164, 0, 1481, 1746, 1336, 107, 7.03%, 0, 0, 4, 1142.35
1522271169, 0, 1494, 1754, 1342, 106, 7.04%, 0, 0, 4, 1075.00
1522271177, 0, 1512, 1765, 1348, 102, 7.04%, 0, 0, 4, 0.74
1522271186, 0, 1519, 1765, 1345, 99, 7.04%, 0, 0, 4, 3.46
1522271191, 0, 1533, 1785, 1359, 105, 7.08%, 0, 0, 4, 1076.32
1522271196, 0, 1545, 1790, 1359, 100, 7.08%, 0, 0, 4, 1056.50
1522271201, 0, 1549, 1802, 1368, 98, 7.08%, 0, 0, 4, 1045.41
1522271206, 0, 1550, 1802, 1367, 97, 7.08%, 0, 0, 4, 1065.24
1522271215, 0, 1555, 1811, 1374, 96, 7.09%, 0, 0, 4, 3.27
1522271223, 0, 1559, 1812, 1372, 93, 7.09%, 0, 0, 4, 5.44
1522271228, 0, 1569, 1829, 1385, 102, 7.15%, 0, 0, 4, 1044.35
1522271235, 0, 1580, 1836, 1389, 103, 7.16%, 0, 0, 4, 10.21
1522271246, 0, 1592, 1853, 1401, 101, 7.16%, 0, 0, 4, 1107.20
1522271252, 0, 1596, 1853, 1398, 98, 7.16%, 0, 0, 4, 14.99
1522271265, 0, 1597, 1876, 1420, 116, 7.21%, 0, 0, 4, 1111.70
1522271270, 0, 1608, 1876, 1416, 112, 7.21%, 0, 0, 4, 1142.91
1522271278, 0, 1621, 1880, 1417, 110, 7.21%, 0, 0, 4, 6.26
1522271286, 0, 1637, 1885, 1419, 108, 7.21%, 0, 0, 4, 3.98
1522271291, 0, 1642, 1885, 1416, 104, 7.21%, 0, 0, 4, 1123.88
1522271296, 0, 1650, 1896, 1424, 105, 7.23%, 0, 0, 4, 1058.71
1522271312, 0, 1654, 1897, 1422, 102, 7.23%, 0, 0, 4, 4.37
1522271317, 0, 1669, 1916, 1436, 107, 7.24%, 0, 0, 4, 1113.65
1522271322, 0, 1673, 1919, 1436, 106, 7.25%, 0, 0, 4, 1104.04
1522271328, 0, 1682, 1919, 1434, 104, 7.25%, 0, 0, 4, 1070.50
1522271334, 0, 1683, 1929, 1443, 110, 7.32%, 0, 0, 4, 1.89
1522271339, 0, 1690, 1937, 1446, 106, 7.32%, 0, 0, 4, 24.58
1522271344, 0, 1702, 1938, 1444, 103, 7.32%, 0, 0, 4, 1133.75
1522271356, 0, 1711, 1944, 1448, 103, 7.33%, 0, 0, 4, 2.74
1522271364, 0, 1715, 1944, 1447, 102, 7.33%, 0, 0, 4, 0.57
1522271371, 0, 1722, 1945, 1446, 100, 7.33%, 0, 0, 4, 0.34
1522271376, 0, 1733, 1962, 1459, 105, 7.38%, 0, 0, 4, 25.49
1522271381, 0, 1746, 1964, 1457, 102, 7.39%, 0, 0, 4, 1026.73
1522271386, 0, 1757, 1964, 1455, 100, 7.39%, 0, 0, 4, 978.22
1522271395, 0, 1768, 1968, 1457, 98, 7.39%, 0, 0, 4, 3.18
1522271404, 0, 1782, 1973, 1453, 90, 7.39%, 0, 0, 4, 0.21
1522271409, 0, 1816, 1980, 1455, 86, 7.39%, 0, 0, 4, 1099.32
1522271414, 0, 1826, 1982, 1452, 81, 7.39%, 0, 0, 4, 16.89
1522271419, 0, 1828, 1985, 1453, 80, 7.40%, 0, 0, 4, 1224.65
1522271426, 0, 1830, 1985, 1452, 79, 7.40%, 0, 0, 4, 0.15
1522271431, 0, 1844, 1990, 1449, 73, 7.40%, 0, 0, 4, 1019.77
1522271436, 0, 1855, 1991, 1447, 70, 7.40%, 0, 0, 4, 1162.90
1522271451, 0, 1861, 2008, 1461, 76, 7.49%, 0, 0, 4, 3.60
1522271459, 0, 1868, 2033, 1481, 89, 7.68%, 0, 0, 4, 0.26
1522271470, 0, 1875, 2051, 1494, 95, 7.71%, 0, 0, 4, 3.09
1522271477, 0, 1880, 2076, 1515, 106, 7.82%, 0, 0, 4, 7.94
1522271500, 0, 1891, 2076, 1511, 103, 7.82%, 0, 0, 4, 1.23
1522271505, 0, 1901, 2100, 1531, 100, 7.85%, 0, 0, 4, 1260.41
