# unix_time, cycles_done, cur_path, paths_total, pending_total, pending_favs, map_size, unique_crashes, unique_hangs, max_depth, execs_per_sec
1522774933, 0, 0, 1, 1, 1, 3.88%, 0, 0, 1, 177.78
1522774938, 0, 0, 43, 43, 1, 4.71%, 0, 0, 2, 351.55
1522774943, 0, 0, 54, 54, 1, 4.72%, 0, 0, 2, 328.77
1522774948, 0, 0, 66, 66, 1, 4.72%, 0, 0, 2, 321.20
1522774953, 0, 0, 146, 146, 1, 4.93%, 0, 0, 2, 316.68
1522774959, 0, 0, 185, 185, 1, 5.12%, 0, 0, 2, 317.54
1522774964, 0, 0, 239, 239, 1, 5.31%, 0, 0, 2, 296.78
1522774969, 0, 0, 290, 290, 1, 5.47%, 0, 0, 2, 318.64
1522774974, 0, 0, 308, 308, 1, 5.51%, 0, 0, 2, 312.09
1522774979, 0, 0, 328, 328, 1, 5.56%, 0, 0, 2, 302.10
1522774984, 0, 0, 335, 335, 1, 5.58%, 0, 0, 2, 309.53
1522774989, 0, 0, 339, 339, 1, 5.60%, 0, 0, 2, 315.18
1522775040, 0, 0, 340, 340, 1, 5.60%, 0, 0, 2, 193.71
1522775045, 0, 0, 341, 341, 1, 5.60%, 0, 0, 2, 193.26
1522775050, 0, 0, 343, 343, 1, 5.60%, 0, 0, 2, 194.36
1522775056, 0, 0, 344, 344, 1, 5.60%, 0, 0, 2, 194.10
1522775061, 0, 0, 348, 348, 1, 5.60%, 0, 0, 2, 192.54
1522775066, 0, 0, 353, 353, 1, 5.60%, 0, 0, 2, 190.88
1522775071, 0, 0, 357, 357, 1, 5.60%, 0, 0, 2, 189.06
1522775076, 0, 0, 359, 359, 1, 5.60%, 0, 0, 2, 189.43
1522775081, 0, 0, 367, 367, 1, 5.63%, 0, 0, 2, 189.40
1522775087, 0, 0, 373, 373, 1, 5.65%, 0, 0, 2, 189.39
1522775092, 0, 0, 381, 381, 1, 5.67%, 0, 0, 2, 189.41
1522775097, 0, 0, 385, 385, 1, 5.67%, 0, 0, 2, 188.27
1522775102, 0, 0, 386, 386, 1, 5.67%, 0, 0, 2, 188.20
1522775107, 0, 0, 399, 399, 1, 5.70%, 0, 0, 2, 188.20
1522775112, 0, 0, 400, 400, 1, 5.71%, 0, 0, 2, 188.15
1522775118, 0, 0, 406, 406, 1, 5.74%, 0, 0, 2, 187.81
1522775123, 0, 0, 407, 407, 1, 5.74%, 0, 0, 2, 188.14
1522775128, 0, 0, 418, 418, 1, 5.75%, 0, 0, 2, 187.88
1522775133, 0, 0, 430, 430, 1, 5.75%, 0, 0, 2, 187.87
1522775138, 0, 0, 439, 439, 1, 5.77%, 0, 0, 2, 190.35
1522775143, 0, 0, 452, 452, 1, 5.79%, 0, 0, 2, 263.88
1522775149, 0, 0, 459, 459, 1, 5.80%, 0, 0, 2, 284.07
1522775154, 0, 0, 466, 466, 1, 5.81%, 0, 0, 2, 3.58
1522775159, 0, 0, 468, 468, 1, 5.81%, 0, 0, 2, 200.98
1522775164, 0, 0, 470, 470, 1, 5.81%, 0, 0, 2, 308.46
1522775208, 0, 0, 473, 473, 1, 5.81%, 0, 0, 2, 189.87
1522775213, 0, 0, 476, 476, 1, 5.81%, 0, 0, 2, 260.95
1522775218, 0, 0, 484, 484, 1, 5.82%, 0, 0, 2, 214.11
1522775228, 0, 0, 521, 521, 1, 5.97%, 0, 0, 2, 189.20
1522775235, 0, 0, 540, 540, 1, 6.00%, 0, 0, 2, 0.20
1522775240, 0, 0, 571, 571, 1, 6.02%, 0, 0, 2, 281.74
1522775245, 0, 0, 610, 610, 1, 6.15%, 0, 0, 2, 782.18
1522775252, 0, 0, 629, 629, 1, 6.20%, 0, 0, 2, 1.39
1522775258, 0, 0, 638, 638, 1, 6.21%, 0, 0, 2, 1.69
1522775263, 0, 0, 696, 696, 1, 6.49%, 0, 0, 2, 363.10
1522775268, 0, 0, 733, 733, 1, 6.52%, 0, 0, 2, 268.06
1522775273, 0, 0, 741, 741, 1, 6.53%, 0, 0, 2, 211.82
1522775285, 0, 0, 751, 751, 1, 6.54%, 0, 0, 2, 0.27
1522775290, 0, 0, 768, 768, 1, 6.54%, 0, 0, 2, 2.86
1522775295, 0, 0, 793, 793, 1, 6.55%, 0, 0, 2, 292.16
1522775300, 0, 0, 816, 816, 1, 6.56%, 0, 0, 2, 297.02
1522775305, 0, 0, 824, 824, 1, 6.56%, 0, 0, 2, 204.88
1522775310, 0, 0, 829, 829, 1, 6.56%, 0, 0, 2, 269.81
1522775315, 0, 0, 847, 847, 1, 6.56%, 0, 0, 2, 356.24
1522775328, 0, 0, 852, 852, 1, 6.56%, 0, 0, 2, 0.69
1522775333, 0, 0, 863, 863, 1, 6.57%, 0, 0, 2, 359.63
1522775338, 0, 0, 872, 872, 1, 6.62%, 0, 0, 2, 191.05
1522775345, 0, 0, 881, 881, 1, 6.62%, 0, 0, 2, 0.57
1522775351, 0, 0, 888, 888, 1, 6.62%, 0, 0, 2, 1.27
1522775358, 0, 0, 904, 904, 1, 6.62%, 0, 0, 2, 1.47
1522775363, 0, 0, 928, 928, 1, 6.64%, 0, 0, 2, 266.15
1522775368, 0, 0, 975, 975, 1, 6.76%, 0, 0, 2, 271.25
1522775373, 0, 0, 983, 983, 1, 7.17%, 0, 0, 2, 383.66
1522775392, 0, 0, 985, 985, 1, 7.17%, 0, 0, 2, 253.86
1522775419, 0, 0, 988, 988, 1, 7.18%, 0, 0, 2, 260.52
1522775424, 0, 0, 991, 991, 1, 7.18%, 0, 0, 2, 206.20
1522775429, 0, 0, 994, 994, 1, 7.18%, 0, 0, 2, 265.57
1522775443, 0, 0, 996, 996, 1, 7.18%, 0, 0, 2, 0.37
1522775450, 0, 0, 1000, 1000, 1, 7.19%, 0, 0, 2, 1.33
1522775455, 0, 0, 1004, 1004, 1, 7.21%, 0, 0, 2, 279.48
1522775468, 0, 0, 1006, 1006, 1, 7.22%, 0, 0, 2, 0.35
1522775473, 0, 0, 1008, 1008, 1, 7.22%, 0, 0, 2, 200.42
1522775482, 0, 0, 1011, 1011, 1, 7.24%, 0, 0, 2, 0.44
1522775493, 0, 0, 1013, 1013, 1, 7.25%, 0, 0, 2, 0.47
1522775649, 0, 0, 1014, 1014, 1, 7.25%, 0, 0, 2, 0.56
1522775693, 0, 0, 1015, 1015, 1, 7.25%, 0, 0, 2, 205.30
1522775711, 0, 0, 1017, 1017, 1, 7.26%, 0, 0, 2, 0.52
1522775719, 0, 0, 1018, 1018, 1, 7.26%, 0, 0, 2, 0.15
1522775729, 0, 0, 1021, 1021, 1, 7.27%, 0, 0, 2, 193.98
1522775748, 0, 0, 1023, 1023, 1, 7.27%, 0, 0, 2, 1.57
1522775753, 0, 0, 1024, 1024, 1, 7.27%, 0, 0, 2, 194.76
1522775782, 0, 0, 1025, 1025, 1, 7.27%, 0, 0, 2, 201.86
1522775809, 0, 0, 1026, 1026, 1, 7.27%, 0, 0, 2, 0.75
1522775828, 0, 0, 1029, 1029, 1, 7.28%, 0, 0, 2, 199.43
1522775877, 0, 0, 1030, 1030, 1, 7.28%, 0, 0, 2, 267.59
1522775882, 0, 0, 1036, 1036, 1, 7.28%, 0, 0, 2, 250.97
1522775887, 0, 0, 1046, 1046, 1, 7.29%, 0, 0, 2, 228.75
1522775892, 0, 0, 1061, 1061, 1, 7.32%, 0, 0, 2, 362.14
1522775897, 0, 0, 1078, 1078, 1, 7.45%, 0, 0, 2, 379.80
1522775902, 0, 0, 1090, 1090, 1, 7.45%, 0, 0, 2, 357.17
1522775907, 0, 0, 1096, 1096, 1, 7.45%, 0, 0, 2, 345.76
1522775912, 0, 0, 1102, 1102, 1, 7.45%, 0, 0, 2, 349.59
1522775918, 0, 0, 1106, 1106, 1, 7.45%, 0, 0, 2, 348.27
1522775923, 0, 0, 1112, 1112, 1, 7.45%, 0, 0, 2, 318.39
1522775928, 0, 0, 1118, 1118, 1, 7.45%, 0, 0, 2, 332.99
1522775933, 0, 0, 1143, 1143, 1, 7.45%, 0, 0, 2, 360.11
1522775938, 0, 0, 1148, 1148, 1, 7.46%, 0, 0, 2, 296.50
1522775958, 0, 0, 1149, 1149, 1, 7.46%, 0, 0, 2, 242.27
1522775963, 0, 0, 1152, 1152, 1, 7.48%, 0, 0, 2, 288.40
1522775968, 0, 0, 1155, 1155, 1, 7.49%, 0, 0, 2, 264.48
1522775983, 0, 0, 1160, 1160, 1, 7.51%, 0, 0, 2, 244.11
1522775988, 0, 0, 1163, 1163, 1, 7.52%, 0, 0, 2, 280.92
1522776075, 0, 0, 1164, 1164, 1, 7.53%, 0, 0, 2, 303.52
1522776085, 0, 0, 1166, 1166, 1, 7.54%, 0, 0, 2, 298.96
1522776126, 0, 0, 1167, 1167, 1, 7.54%, 0, 0, 2, 297.22
1522776136, 0, 0, 1168, 1168, 1, 7.54%, 0, 0, 2, 204.05
1522776166, 0, 0, 1169, 1169, 1, 7.54%, 0, 0, 2, 220.21
1522776171, 0, 0, 1173, 1173, 1, 7.54%, 0, 0, 2, 264.74
1522776176, 0, 0, 1179, 1179, 1, 7.54%, 0, 0, 2, 350.76
1522776181, 0, 0, 1189, 1189, 1, 7.55%, 0, 0, 2, 411.03
1522776187, 0, 0, 1196, 1196, 1, 7.55%, 0, 0, 2, 378.01
1522776192, 0, 0, 1205, 1205, 1, 7.55%, 0, 0, 2, 349.16
1522776197, 0, 0, 1210, 1210, 1, 7.55%, 0, 0, 2, 274.87
1522776202, 0, 0, 1211, 1211, 1, 7.55%, 0, 0, 2, 236.53
1522776207, 0, 0, 1212, 1212, 1, 7.55%, 0, 0, 2, 300.28
1522776212, 0, 0, 1214, 1214, 1, 7.55%, 0, 0, 2, 329.72
1522776217, 0, 0, 1216, 1216, 1, 7.55%, 0, 0, 2, 330.20
1522776222, 0, 0, 1227, 1227, 1, 7.55%, 0, 0, 2, 359.21
1522776227, 0, 0, 1228, 1228, 1, 7.55%, 0, 0, 2, 244.81
1522776242, 0, 0, 1230, 1230, 1, 7.57%, 0, 0, 2, 294.40
1522776247, 0, 0, 1232, 1232, 1, 7.58%, 0, 0, 2, 227.85
1522776257, 0, 0, 1233, 1233, 1, 7.59%, 0, 0, 2, 276.05
1522776262, 0, 0, 1235, 1235, 1, 7.59%, 0, 0, 2, 235.63
1522776267, 0, 0, 1240, 1240, 1, 7.59%, 0, 0, 2, 304.33
1522776272, 0, 0, 1241, 1241, 1, 7.60%, 0, 0, 2, 273.69
1522776278, 0, 0, 1243, 1243, 1, 7.60%, 0, 0, 2, 290.61
1522776283, 0, 0, 1245, 1245, 1, 7.60%, 0, 0, 2, 274.08
1522776288, 0, 0, 1248, 1248, 1, 7.60%, 0, 0, 2, 280.45
1522776293, 0, 0, 1249, 1249, 1, 7.60%, 0, 0, 2, 287.40
1522776298, 0, 0, 1251, 1251, 1, 7.60%, 0, 0, 2, 386.50
1522776303, 0, 0, 1252, 1252, 1, 7.60%, 0, 0, 2, 367.80
1522776308, 0, 0, 1286, 1286, 1, 7.65%, 0, 0, 2, 469.34
1522776318, 0, 0, 1288, 1288, 1, 7.65%, 0, 0, 2, 315.85
1522776323, 0, 0, 1289, 1289, 1, 7.65%, 0, 0, 2, 240.29
1522776333, 0, 0, 1290, 1290, 1, 7.66%, 0, 0, 2, 277.46
1522776344, 0, 0, 1291, 1291, 1, 7.66%, 0, 0, 2, 300.80
1522776379, 0, 0, 1293, 1293, 1, 7.66%, 0, 0, 2, 283.50
1522776389, 0, 0, 1294, 1294, 1, 7.66%, 0, 0, 2, 268.95
1522776404, 0, 0, 1297, 1297, 1, 7.68%, 0, 0, 2, 303.31
1522776412, 0, 0, 1298, 1298, 1, 7.68%, 0, 0, 2, 0.97
1522776417, 0, 0, 1300, 1300, 1, 7.70%, 0, 0, 2, 194.25
1522776422, 0, 0, 1304, 1304, 1, 7.70%, 0, 0, 2, 197.56
1522776428, 0, 0, 1307, 1307, 1, 7.71%, 0, 0, 2, 280.61
1522776438, 0, 0, 1310, 1310, 1, 7.76%, 0, 0, 2, 307.29
1522776448, 0, 0, 1311, 1311, 1, 7.76%, 0, 0, 2, 309.45
1522776458, 0, 0, 1312, 1312, 1, 7.77%, 0, 0, 2, 222.15
1522776463, 0, 0, 1313, 1313, 1, 7.77%, 0, 0, 2, 258.67
1522776468, 0, 0, 1314, 1314, 1, 7.77%, 0, 0, 2, 282.38
1522776484, 0, 0, 1316, 1316, 1, 7.80%, 0, 0, 2, 312.35
1522776494, 0, 0, 1317, 1317, 1, 7.83%, 0, 0, 2, 310.93
1522776499, 0, 0, 1318, 1318, 1, 7.84%, 0, 0, 2, 232.08
1522776504, 0, 0, 1319, 1319, 1, 7.85%, 0, 0, 2, 223.13
1522776509, 0, 0, 1321, 1321, 1, 7.86%, 0, 0, 2, 281.00
1522776535, 0, 0, 1322, 1322, 1, 7.86%, 0, 0, 2, 260.55
1522776555, 0, 0, 1324, 1324, 1, 7.87%, 0, 0, 2, 268.28
1522776805, 0, 0, 1326, 1326, 1, 7.88%, 0, 0, 2, 309.40
1522776810, 0, 0, 1329, 1329, 1, 7.88%, 0, 0, 2, 307.93
1522776841, 0, 0, 1331, 1331, 1, 7.89%, 0, 0, 2, 246.10
1522776851, 0, 0, 1334, 1334, 1, 7.89%, 0, 0, 2, 272.67
1522776881, 0, 0, 1335, 1335, 1, 7.89%, 0, 0, 2, 304.71
1522776901, 0, 0, 1336, 1336, 1, 7.89%, 0, 0, 2, 283.99
1522776911, 0, 0, 1337, 1337, 1, 7.89%, 0, 0, 2, 283.94
1522776942, 0, 0, 1338, 1338, 1, 7.89%, 0, 0, 2, 232.52
1522776947, 0, 0, 1339, 1339, 1, 7.89%, 0, 0, 2, 285.92
1522777110, 0, 0, 1342, 1342, 1, 7.91%, 0, 0, 2, 324.79
1522777115, 0, 0, 1351, 1351, 1, 7.91%, 0, 0, 2, 407.33
1522777120, 0, 0, 1355, 1355, 1, 7.91%, 0, 0, 2, 478.30
1522777125, 0, 0, 1356, 1356, 1, 7.91%, 0, 0, 2, 346.60
1522777130, 0, 0, 1366, 1366, 1, 7.91%, 0, 0, 2, 304.11
1522777140, 0, 0, 1371, 1371, 1, 7.91%, 0, 0, 2, 290.64
1522777145, 0, 0, 1376, 1376, 1, 7.98%, 0, 0, 2, 486.38
1522777150, 0, 0, 1378, 1378, 1, 7.98%, 0, 0, 2, 348.26
1522777155, 0, 0, 1386, 1386, 1, 7.98%, 0, 0, 2, 329.49
1522777160, 0, 0, 1390, 1390, 1, 7.98%, 0, 0, 2, 393.27
1522777166, 0, 0, 1391, 1391, 1, 7.98%, 0, 0, 2, 355.61
1522777171, 0, 0, 1400, 1400, 1, 7.99%, 0, 0, 2, 468.28
1522777176, 0, 0, 1401, 1401, 1, 7.99%, 0, 0, 2, 299.06
1522777181, 0, 0, 1420, 1420, 1, 7.99%, 0, 0, 2, 508.77
1522777186, 0, 0, 1429, 1429, 1, 8.02%, 0, 0, 2, 1049.01
1522777191, 0, 0, 1433, 1433, 1, 8.02%, 0, 0, 2, 454.39
1522777196, 0, 0, 1435, 1435, 1, 8.02%, 0, 0, 2, 341.22
1522777202, 0, 0, 1437, 1437, 1, 8.02%, 0, 0, 2, 216.80
1522777212, 0, 0, 1440, 1440, 1, 8.02%, 0, 0, 2, 346.09
1522777217, 0, 0, 1447, 1447, 1, 8.02%, 0, 0, 2, 351.73
1522777222, 0, 0, 1450, 1450, 1, 8.02%, 0, 0, 2, 323.66
1522777232, 0, 0, 1455, 1455, 1, 8.03%, 0, 0, 2, 349.17
1522777237, 0, 0, 1459, 1459, 1, 8.03%, 0, 0, 2, 326.59
1522777242, 0, 0, 1460, 1460, 1, 8.03%, 0, 0, 2, 344.69
1522777248, 0, 0, 1465, 1465, 1, 8.03%, 0, 0, 2, 383.19
1522777253, 0, 0, 1468, 1468, 1, 8.03%, 0, 0, 2, 450.44
1522777258, 0, 0, 1470, 1470, 1, 8.03%, 0, 0, 2, 302.68
1522777283, 0, 0, 1473, 1473, 1, 8.03%, 0, 0, 2, 344.10
1522777294, 0, 0, 1474, 1474, 1, 8.03%, 0, 0, 2, 279.34
1522777314, 0, 0, 1475, 1475, 1, 8.03%, 0, 0, 2, 373.31
1522777329, 0, 0, 1477, 1477, 1, 8.03%, 0, 0, 2, 220.06
1522777335, 0, 0, 1478, 1478, 1, 8.03%, 0, 0, 2, 320.40
1522777340, 0, 0, 1480, 1480, 1, 8.03%, 0, 0, 2, 266.32
1522777350, 0, 0, 1481, 1481, 1, 8.03%, 0, 0, 2, 333.73
1522777365, 0, 0, 1482, 1482, 1, 8.03%, 0, 0, 2, 230.92
1522777375, 0, 0, 1485, 1485, 1, 8.03%, 0, 0, 2, 282.43
1522777381, 0, 0, 1486, 1486, 1, 8.03%, 0, 0, 2, 346.46
1522777386, 0, 0, 1488, 1488, 1, 8.03%, 0, 0, 2, 293.38
1522777391, 0, 0, 1498, 1498, 1, 8.03%, 0, 0, 2, 420.08
1522777396, 0, 0, 1515, 1515, 1, 8.04%, 0, 0, 2, 317.41
1522777401, 0, 0, 1536, 1536, 1, 8.04%, 0, 0, 2, 428.66
1522777406, 0, 0, 1537, 1537, 1, 8.04%, 0, 0, 2, 341.19
1522777411, 0, 0, 1539, 1539, 1, 8.04%, 0, 0, 2, 501.58
1522777432, 0, 0, 1540, 1540, 1, 8.05%, 0, 0, 2, 219.78
1522777452, 0, 0, 1541, 1541, 1, 8.05%, 0, 0, 2, 297.14
1522777472, 0, 0, 1542, 1542, 1, 8.05%, 0, 0, 2, 237.13
1522777508, 0, 0, 1543, 1543, 1, 8.06%, 0, 0, 2, 271.71
1522777605, 0, 0, 1544, 1544, 1, 8.06%, 0, 0, 2, 278.92
1522777799, 0, 0, 1546, 1546, 1, 8.07%, 0, 0, 2, 292.15
1522777809, 0, 0, 1548, 1548, 1, 8.07%, 0, 0, 2, 204.95
1522777814, 0, 0, 1550, 1550, 1, 8.07%, 0, 0, 2, 276.24
1522777819, 0, 0, 1552, 1552, 1, 8.07%, 0, 0, 2, 264.71
1522777824, 0, 0, 1554, 1554, 1, 8.07%, 0, 0, 2, 293.82
1522777840, 0, 0, 1555, 1555, 1, 8.07%, 0, 0, 2, 223.59
1522777845, 0, 0, 1558, 1558, 1, 8.07%, 0, 0, 2, 227.58
1522777855, 0, 0, 1559, 1559, 1, 8.07%, 0, 0, 2, 265.93
1522777886, 0, 0, 1560, 1560, 1, 8.07%, 0, 0, 2, 295.76
1522777891, 0, 0, 1561, 1561, 1, 8.07%, 0, 0, 2, 231.90
1522777947, 0, 0, 1562, 1562, 1, 8.07%, 0, 0, 2, 262.46
1522777983, 0, 0, 1563, 1563, 1, 8.07%, 0, 0, 2, 283.85
1522778003, 0, 0, 1564, 1564, 1, 8.07%, 0, 0, 2, 239.11
1522778080, 0, 0, 1565, 1565, 1, 8.07%, 0, 0, 2, 697.51
1522778100, 0, 0, 1566, 1566, 1, 8.07%, 0, 0, 2, 394.66
1522778420, 0, 0, 1567, 1567, 1, 8.07%, 0, 0, 2, 210.59
1522778493, 0, 0, 1569, 1569, 1, 8.07%, 0, 0, 2, 198.81
1522778863, 0, 0, 1570, 1570, 1, 8.07%, 0, 0, 2, 189.82
1522779022, 0, 0, 1571, 1571, 1, 8.08%, 0, 0, 2, 2.70
1522779259, 0, 0, 1572, 1572, 1, 8.08%, 0, 0, 2, 300.08
1522779354, 0, 0, 1574, 1574, 1, 8.09%, 0, 0, 2, 232.42
1522779359, 0, 0, 1575, 1575, 1, 8.09%, 0, 0, 2, 214.15
1522779374, 0, 0, 1576, 1576, 1, 8.09%, 0, 0, 2, 189.61
1522779426, 0, 0, 1577, 1577, 1, 8.09%, 0, 0, 2, 273.45
1522779431, 0, 0, 1578, 1578, 1, 8.09%, 0, 0, 2, 239.70
1522779441, 0, 0, 1584, 1584, 1, 8.10%, 0, 0, 2, 324.08
1522779687, 0, 0, 1585, 1585, 1, 8.10%, 0, 0, 2, 193.80
1522779718, 0, 0, 1586, 1586, 1, 8.10%, 0, 0, 2, 193.54
1522779779, 0, 0, 1587, 1587, 1, 8.11%, 0, 0, 2, 319.76
1522779784, 0, 0, 1588, 1588, 1, 8.11%, 0, 0, 2, 349.68
1522779789, 0, 0, 1593, 1593, 1, 8.11%, 0, 0, 2, 306.78
1522779799, 0, 0, 1598, 1598, 1, 8.11%, 0, 0, 2, 245.05
1522779804, 0, 0, 1599, 1599, 1, 8.11%, 0, 0, 2, 238.60
1522779815, 0, 0, 1600, 1600, 1, 8.12%, 0, 0, 2, 239.86
1522779825, 0, 0, 1601, 1601, 1, 8.12%, 0, 0, 2, 232.29
1522779835, 0, 0, 1608, 1608, 1, 8.12%, 0, 0, 2, 285.70
1522779840, 0, 0, 1617, 1617, 1, 8.14%, 0, 0, 2, 454.61
1522779896, 0, 0, 1619, 1619, 1, 8.14%, 0, 0, 2, 223.95
1522780474, 0, 0, 1621, 1621, 1, 8.14%, 0, 0, 2, 0.33
1522780489, 0, 0, 1622, 1622, 1, 8.14%, 0, 0, 2, 380.00
1522780504, 0, 0, 1623, 1623, 1, 8.14%, 0, 0, 2, 415.59
1522780509, 0, 0, 1624, 1624, 1, 8.14%, 0, 0, 2, 326.03
1522780514, 0, 0, 1625, 1625, 1, 8.14%, 0, 0, 2, 264.90
1522780574, 0, 0, 1626, 1626, 1, 8.14%, 0, 0, 2, 282.75
1522780579, 0, 0, 1627, 1627, 1, 8.14%, 0, 0, 2, 257.95
1522780604, 0, 0, 1628, 1628, 1, 8.14%, 0, 0, 2, 416.29
1522780619, 0, 0, 1630, 1630, 1, 8.14%, 0, 0, 2, 195.74
1522780624, 0, 0, 1631, 1631, 1, 8.14%, 0, 0, 2, 194.52
1522780630, 0, 0, 1632, 1632, 1, 8.14%, 0, 0, 2, 196.24
1522780645, 0, 0, 1633, 1633, 1, 8.15%, 0, 0, 2, 198.71
1522780655, 0, 0, 1634, 1634, 1, 8.15%, 0, 0, 2, 299.88
1522780686, 0, 0, 1635, 1635, 1, 8.15%, 0, 0, 2, 199.45
1522780758, 0, 0, 1636, 1636, 1, 8.15%, 0, 0, 2, 200.40
1522780778, 0, 0, 1637, 1637, 1, 8.15%, 0, 0, 2, 193.58
1522780864, 0, 0, 1638, 1638, 1, 8.15%, 0, 0, 2, 245.95
1522781136, 0, 0, 1639, 1639, 1, 8.15%, 0, 0, 2, 195.71
1522781141, 0, 0, 1642, 1642, 1, 8.16%, 0, 0, 2, 237.92
1522781162, 0, 0, 1643, 1643, 1, 8.16%, 0, 0, 2, 256.95
1522781188, 0, 0, 1647, 1647, 1, 8.16%, 0, 0, 2, 350.48
1522781198, 0, 0, 1648, 1648, 1, 8.16%, 0, 0, 2, 228.34
1522781208, 0, 0, 1649, 1649, 1, 8.16%, 0, 0, 2, 230.42
1522781219, 0, 0, 1650, 1650, 1, 8.16%, 0, 0, 2, 237.97
1522781311, 0, 0, 1651, 1651, 1, 8.16%, 0, 0, 2, 307.42
1522781316, 0, 0, 1652, 1652, 1, 8.16%, 0, 0, 2, 266.08
1522781336, 0, 0, 1653, 1653, 1, 8.16%, 0, 0, 2, 232.38
1522781342, 0, 0, 1654, 1654, 1, 8.16%, 0, 0, 2, 3.44
1522781349, 0, 0, 1656, 1656, 1, 8.16%, 0, 0, 2, 1.96
1522781354, 0, 0, 1663, 1663, 1, 8.16%, 0, 0, 2, 8.19
1522781359, 0, 0, 1696, 1696, 1, 8.18%, 0, 0, 2, 747.78
1522781364, 0, 0, 1709, 1709, 1, 8.19%, 0, 0, 2, 694.53
1522781369, 0, 0, 1717, 1717, 1, 8.19%, 0, 0, 2, 707.79
1522781374, 0, 0, 1734, 1734, 1, 8.20%, 0, 0, 2, 688.58
1522781379, 0, 0, 1745, 1745, 1, 8.20%, 0, 0, 2, 683.78
1522781384, 0, 0, 1754, 1754, 1, 8.20%, 0, 0, 2, 714.87
1522781389, 0, 0, 1763, 1763, 1, 8.20%, 0, 0, 2, 699.08
1522781395, 0, 0, 1768, 1768, 1, 8.20%, 0, 0, 2, 711.49
1522781400, 0, 0, 1774, 1774, 1, 8.20%, 0, 0, 2, 700.62
1522781405, 0, 0, 1847, 1846, 0, 9.61%, 0, 0, 2, 413.37
1522781410, 0, 0, 1941, 1940, 0, 10.31%, 0, 0, 2, 134.15
1522781431, 0, 0, 1983, 1982, 0, 10.50%, 0, 0, 2, 0.16
1522781436, 0, 0, 2110, 2109, 0, 10.85%, 0, 0, 2, 244.50
1522781441, 0, 0, 2217, 2216, 0, 11.00%, 0, 0, 2, 217.53
1522781446, 0, 0, 2319, 2318, 0, 11.18%, 0, 0, 2, 205.38
1522781451, 0, 0, 2431, 2430, 0, 11.42%, 0, 0, 2, 217.63
1522781456, 0, 0, 2535, 2534, 0, 11.51%, 0, 0, 2, 210.06
1522781461, 0, 0, 2655, 2654, 0, 11.63%, 0, 0, 2, 232.87
1522781466, 0, 0, 2769, 2768, 0, 11.71%, 0, 0, 2, 228.79
1522781471, 0, 0, 2871, 2870, 0, 11.78%, 0, 0, 2, 213.69
1522781477, 0, 0, 2966, 2965, 0, 11.83%, 0, 0, 2, 197.60
1522781482, 0, 0, 3064, 3063, 0, 11.89%, 0, 0, 2, 191.84
1522781487, 0, 0, 3178, 3177, 0, 11.93%, 0, 0, 2, 212.96
1522781492, 0, 0, 3262, 3261, 0, 11.97%, 0, 0, 2, 179.87
1522781497, 0, 0, 3378, 3377, 0, 12.03%, 0, 0, 2, 219.72
1522781502, 0, 0, 3500, 3499, 0, 12.09%, 0, 0, 2, 250.03
1522781507, 0, 0, 3599, 3598, 0, 12.13%, 0, 0, 2, 215.64
1522781512, 0, 0, 3695, 3694, 0, 12.20%, 0, 0, 2, 193.43
1522781517, 0, 0, 3807, 3806, 0, 12.25%, 0, 0, 2, 220.65
1522781523, 0, 0, 3914, 3913, 0, 12.30%, 0, 0, 2, 226.64
1522781528, 0, 0, 4016, 4015, 0, 12.33%, 0, 0, 2, 210.06
1522781533, 0, 0, 4110, 4109, 0, 12.35%, 0, 0, 2, 190.25
1522781538, 0, 0, 4216, 4215, 0, 12.41%, 0, 0, 2, 215.25
1522781545, 0, 0, 4281, 4280, 0, 12.42%, 0, 0, 2, 1.01
1522781551, 0, 0, 4399, 4398, 0, 12.46%, 0, 0, 2, 260.47
1522781556, 0, 0, 4495, 4494, 0, 12.51%, 0, 0, 2, 211.09
1522781561, 0, 0, 4520, 4519, 0, 12.51%, 0, 0, 2, 192.39
1522781566, 0, 0, 4528, 4527, 0, 12.51%, 0, 0, 2, 169.28
1522781571, 0, 0, 4532, 4531, 0, 12.51%, 0, 0, 2, 165.96
1522781576, 0, 0, 4536, 4535, 0, 12.51%, 0, 0, 2, 169.84
1522781581, 0, 0, 4543, 4542, 0, 12.51%, 0, 0, 2, 177.61
1522781587, 0, 0, 4554, 4553, 0, 12.51%, 0, 0, 2, 178.00
1522781592, 0, 0, 4557, 4556, 0, 12.51%, 0, 0, 2, 176.93
1522781597, 0, 0, 4562, 4561, 0, 12.51%, 0, 0, 2, 185.75
1522781602, 0, 0, 4567, 4566, 0, 12.52%, 0, 0, 2, 185.21
1522781607, 0, 0, 4568, 4567, 0, 12.52%, 0, 0, 2, 182.27
1522781617, 0, 0, 4571, 4570, 0, 12.52%, 0, 0, 2, 174.00
1522781622, 0, 0, 4575, 4574, 0, 12.52%, 0, 0, 2, 173.61
1522781627, 0, 0, 4578, 4577, 0, 12.52%, 0, 0, 2, 176.32
1522781632, 0, 0, 4582, 4581, 0, 12.52%, 0, 0, 2, 162.10
1522781647, 0, 0, 4584, 4583, 0, 12.52%, 0, 0, 2, 192.95
1522781657, 0, 0, 4588, 4587, 0, 12.52%, 0, 0, 2, 174.51
1522781662, 0, 0, 4591, 4590, 0, 12.52%, 0, 0, 2, 180.50
1522781668, 0, 0, 4594, 4593, 0, 12.52%, 0, 0, 2, 189.21
1522781676, 0, 0, 4602, 4601, 0, 12.52%, 0, 0, 2, 0.63
1522781681, 0, 0, 4608, 4607, 0, 12.52%, 0, 0, 2, 183.80
1522781687, 0, 0, 4615, 4614, 0, 12.52%, 0, 0, 2, 178.57
1522781692, 0, 0, 4622, 4621, 0, 12.52%, 0, 0, 2, 185.65
1522781697, 0, 0, 4626, 4625, 0, 12.52%, 0, 0, 2, 188.72
1522781702, 0, 0, 4629, 4628, 0, 12.52%, 0, 0, 2, 176.04
1522781707, 0, 0, 4635, 4634, 0, 12.52%, 0, 0, 2, 175.11
1522781712, 0, 0, 4637, 4636, 0, 12.52%, 0, 0, 2, 184.66
1522781720, 0, 0, 4641, 4640, 0, 12.52%, 0, 0, 2, 1.29
1522781725, 0, 0, 4643, 4642, 0, 12.52%, 0, 0, 2, 171.72
1522781730, 0, 0, 4644, 4643, 0, 12.52%, 0, 0, 2, 184.58
1522781751, 0, 0, 4648, 4647, 0, 12.52%, 0, 0, 2, 197.63
1522781756, 0, 0, 4651, 4650, 0, 12.52%, 0, 0, 2, 187.14
1522781761, 0, 0, 4655, 4654, 0, 12.52%, 0, 0, 2, 183.21
1522781767, 0, 0, 4661, 4660, 0, 12.52%, 0, 0, 2, 178.56
1522781772, 0, 2, 4661, 4660, 850, 12.52%, 0, 0, 2, 1203.98
1522781777, 0, 3, 4661, 4659, 849, 12.52%, 0, 0, 2, 1211.77
1522781782, 0, 4, 4661, 4658, 848, 12.52%, 0, 0, 2, 1234.76
1522781787, 0, 6, 4661, 4657, 847, 12.52%, 0, 0, 2, 1224.61
1522781792, 0, 9, 4661, 4656, 846, 12.52%, 0, 0, 2, 1200.43
1522786979, 0, 9, 4663, 4658, 846, 12.52%, 0, 0, 3, 363.47
1522788717, 0, 9, 4721, 4715, 845, 12.61%, 0, 0, 3, 305.41
1522788722, 0, 9, 4839, 4833, 845, 12.85%, 0, 0, 3, 242.16
1522788727, 0, 9, 4952, 4946, 845, 12.91%, 0, 0, 3, 215.84
1522788732, 0, 9, 5065, 5059, 845, 12.94%, 0, 0, 3, 214.27
1522788737, 0, 9, 5171, 5165, 845, 13.10%, 0, 0, 3, 187.82
1522788742, 0, 9, 5263, 5257, 845, 13.11%, 0, 0, 3, 169.98
1522788747, 0, 9, 5374, 5368, 845, 13.14%, 0, 0, 3, 203.62
1522788752, 0, 9, 5479, 5473, 845, 13.17%, 0, 0, 3, 202.12
1522788757, 0, 9, 5596, 5590, 845, 13.19%, 0, 0, 3, 208.91
1522788763, 0, 9, 5702, 5696, 845, 13.21%, 0, 0, 3, 217.20
1522788768, 0, 9, 5730, 5724, 845, 13.22%, 0, 0, 3, 181.11
1522788778, 0, 9, 5733, 5727, 845, 13.22%, 0, 0, 3, 187.95
1522788804, 0, 9, 5734, 5728, 845, 13.23%, 0, 0, 3, 206.40
1522788809, 0, 9, 5736, 5730, 845, 13.23%, 0, 0, 3, 204.09
1522788814, 0, 9, 5740, 5734, 845, 13.23%, 0, 0, 3, 196.55
1522788819, 0, 9, 5742, 5736, 845, 13.23%, 0, 0, 3, 203.12
1522788834, 0, 9, 5745, 5739, 845, 13.23%, 0, 0, 3, 208.33
1522788839, 0, 9, 5747, 5741, 845, 13.23%, 0, 0, 3, 205.58
1522788844, 0, 9, 5748, 5742, 845, 13.23%, 0, 0, 3, 198.56
1522788869, 0, 9, 5754, 5748, 845, 13.23%, 0, 0, 3, 196.69
1522788875, 0, 11, 5755, 5749, 913, 13.23%, 0, 0, 3, 1042.49
1522789972, 0, 17, 5755, 5748, 912, 13.23%, 0, 0, 3, 1035.43
1522790429, 0, 26, 5755, 5747, 911, 13.23%, 0, 0, 3, 1245.87
1522790444, 0, 31, 5755, 5746, 910, 13.23%, 0, 0, 3, 1158.74
1522790455, 0, 119, 5755, 5745, 909, 13.23%, 0, 0, 3, 222.79
1522797360, 0, 119, 5756, 5746, 909, 13.23%, 0, 0, 3, 196.81
1522798057, 0, 119, 5827, 5816, 909, 13.77%, 0, 0, 3, 360.62
1522798063, 0, 119, 5965, 5954, 909, 13.90%, 0, 0, 3, 275.93
1522798068, 0, 119, 6094, 6083, 909, 13.94%, 0, 0, 3, 242.00
1522798073, 0, 119, 6225, 6214, 909, 13.99%, 0, 0, 3, 246.21
1522798078, 0, 119, 6354, 6343, 909, 14.02%, 0, 0, 3, 3.36
1522798083, 0, 119, 6492, 6481, 909, 14.03%, 0, 0, 3, 193.47
1522798088, 0, 119, 6619, 6608, 909, 14.05%, 0, 0, 3, 240.13
1522798093, 0, 119, 6646, 6635, 909, 14.05%, 0, 0, 3, 248.87
1522798099, 0, 119, 6650, 6639, 909, 14.05%, 0, 0, 3, 307.60
1522798104, 0, 119, 6651, 6640, 909, 14.05%, 0, 0, 3, 363.72
1522798109, 0, 119, 6652, 6641, 909, 14.05%, 0, 0, 3, 350.25
1522798114, 0, 149, 6652, 6641, 983, 14.05%, 0, 0, 3, 593.65
