# unix_time, cycles_done, cur_path, paths_total, pending_total, pending_favs, map_size, unique_crashes, unique_hangs, max_depth, execs_per_sec
1522270530, 0, 0, 1, 1, 1, 2.03%, 0, 0, 1, 666.67
1522270535, 0, 0, 187, 187, 1, 3.45%, 0, 0, 2, 925.99
1522270540, 0, 0, 280, 280, 1, 3.58%, 0, 0, 2, 996.95
1522270545, 0, 0, 533, 532, 0, 4.67%, 0, 0, 2, 845.58
1522270550, 0, 0, 935, 934, 0, 5.86%, 0, 0, 2, 837.51
1522270555, 0, 13, 944, 943, 296, 5.87%, 0, 0, 2, 839.17
1522270560, 0, 38, 974, 967, 293, 5.89%, 0, 0, 2, 1075.01
1522270565, 0, 91, 993, 982, 298, 5.93%, 0, 0, 2, 1109.37
1522270571, 0, 105, 1001, 985, 293, 5.99%, 0, 0, 3, 1148.54
1522270576, 0, 134, 1001, 981, 289, 5.99%, 0, 0, 3, 1161.43
1522270581, 0, 159, 1013, 990, 291, 6.00%, 0, 0, 3, 1170.91
1522270586, 0, 172, 1029, 1003, 290, 6.03%, 0, 0, 3, 1159.48
1522270591, 0, 192, 1029, 1000, 287, 6.03%, 0, 0, 3, 1164.60
1522270596, 0, 221, 1039, 1007, 284, 6.05%, 0, 0, 3, 1168.56
1522270601, 0, 237, 1039, 1004, 281, 6.05%, 0, 0, 3, 1164.91
1522270606, 0, 262, 1055, 1017, 284, 6.06%, 0, 0, 3, 1176.31
1522270611, 0, 273, 1060, 1019, 282, 6.06%, 0, 0, 3, 1126.80
1522270616, 0, 290, 1060, 1016, 279, 6.06%, 0, 0, 3, 1148.91
1522270621, 0, 309, 1064, 1017, 276, 6.06%, 0, 0, 3, 1152.50
1522270626, 0, 317, 1064, 1014, 273, 6.06%, 0, 0, 3, 1162.78
1522270632, 0, 331, 1080, 1027, 277, 6.09%, 0, 0, 3, 1155.94
1522270637, 0, 347, 1084, 1027, 273, 6.09%, 0, 0, 3, 1184.36
1522270642, 0, 356, 1084, 1024, 270, 6.09%, 0, 0, 3, 1313.62
1522270647, 0, 366, 1101, 1038, 268, 6.10%, 0, 0, 3, 1213.12
1522270652, 0, 385, 1110, 1044, 271, 6.12%, 0, 0, 3, 1373.71
1522270657, 0, 402, 1110, 1040, 268, 6.12%, 0, 0, 3, 1360.25
1522270662, 0, 413, 1113, 1040, 266, 6.13%, 0, 0, 3, 1418.72
1522270667, 0, 426, 1118, 1041, 263, 6.13%, 0, 0, 3, 1265.35
1522270672, 0, 436, 1118, 1038, 260, 6.13%, 0, 0, 3, 1291.84
1522270677, 0, 450, 1124, 1041, 257, 6.14%, 0, 0, 3, 1185.27
1522270683, 0, 468, 1127, 1040, 252, 6.14%, 0, 0, 3, 1334.89
1522270688, 0, 484, 1128, 1038, 250, 6.14%, 0, 0, 3, 1182.93
1522270693, 0, 496, 1132, 1040, 249, 6.14%, 0, 0, 3, 1238.94
1522270698, 0, 505, 1138, 1042, 249, 6.15%, 0, 0, 3, 1402.87
1522270703, 0, 514, 1139, 1040, 246, 6.15%, 0, 0, 3, 1368.79
1522270708, 0, 533, 1149, 1046, 241, 6.15%, 0, 0, 3, 1428.27
1522270715, 0, 544, 1154, 1048, 239, 6.20%, 0, 0, 3, 1.47
1522270720, 0, 547, 1197, 1091, 246, 6.29%, 0, 0, 3, 1070.58
1522270726, 0, 562, 1204, 1097, 257, 6.31%, 0, 0, 3, 3.40
1522270734, 0, 566, 1204, 1095, 255, 6.31%, 0, 0, 3, 2.60
1522270739, 0, 574, 1222, 1109, 257, 6.37%, 0, 0, 3, 1295.14
1522270744, 0, 581, 1239, 1121, 263, 6.51%, 0, 0, 3, 1149.12
1522270757, 0, 584, 1239, 1119, 261, 6.51%, 0, 0, 3, 2.93
1522270762, 0, 593, 1260, 1135, 260, 6.53%, 0, 0, 3, 4.29
1522270767, 0, 606, 1266, 1137, 256, 6.53%, 0, 0, 3, 1105.00
1522270775, 0, 616, 1277, 1146, 256, 6.54%, 0, 0, 3, 2.24
1522270783, 0, 636, 1292, 1156, 249, 6.54%, 0, 0, 3, 6.65
1522270788, 0, 652, 1299, 1158, 244, 6.54%, 0, 0, 3, 1120.32
1522270794, 0, 658, 1299, 1155, 241, 6.54%, 0, 0, 3, 8.47
1522270804, 0, 682, 1304, 1157, 239, 6.54%, 0, 0, 3, 3.95
1522270809, 0, 701, 1307, 1157, 236, 6.54%, 0, 0, 3, 1249.66
1522270814, 0, 708, 1346, 1194, 243, 6.58%, 0, 0, 3, 1222.19
1522270825, 0, 713, 1346, 1192, 241, 6.58%, 0, 0, 3, 0.14
1522270832, 0, 730, 1369, 1212, 244, 6.60%, 0, 0, 3, 6.84
1522270837, 0, 744, 1369, 1209, 241, 6.60%, 0, 0, 3, 1267.20
1522270851, 0, 768, 1376, 1212, 237, 6.60%, 0, 0, 3, 2.58
1522270856, 0, 784, 1388, 1219, 237, 6.62%, 0, 0, 3, 1390.17
1522270866, 0, 804, 1392, 1217, 231, 6.62%, 0, 0, 3, 5.41
1522270872, 0, 811, 1394, 1216, 229, 6.62%, 0, 0, 3, 1.63
1522270877, 0, 821, 1397, 1213, 222, 6.63%, 0, 0, 3, 1420.35
1522270884, 0, 830, 1401, 1213, 220, 6.63%, 0, 0, 3, 12.00
1522270904, 0, 839, 1414, 1221, 216, 6.64%, 0, 0, 3, 0.34
1522270909, 0, 856, 1424, 1226, 212, 6.64%, 0, 0, 3, 1334.11
1522270914, 0, 870, 1437, 1236, 211, 6.65%, 0, 0, 3, 936.51
1522270919, 0, 878, 1437, 1233, 208, 6.65%, 0, 0, 3, 1227.52
1522270928, 0, 878, 1438, 1234, 208, 6.65%, 0, 0, 3, 0.77
1522270933, 0, 888, 1451, 1243, 204, 6.67%, 0, 0, 3, 1125.96
1522270938, 0, 895, 1468, 1257, 206, 6.68%, 0, 0, 3, 1148.79
1522270949, 0, 896, 1468, 1256, 205, 6.68%, 0, 0, 3, 0.11
1522270963, 0, 919, 1483, 1265, 204, 6.69%, 0, 0, 3, 2.73
1522270972, 0, 926, 1507, 1286, 212, 6.76%, 0, 0, 3, 5.16
1522270977, 0, 943, 1512, 1286, 207, 6.76%, 0, 0, 3, 1158.22
1522270982, 0, 949, 1514, 1287, 207, 6.76%, 0, 0, 3, 1000.00
1522270990, 0, 956, 1514, 1286, 206, 6.76%, 0, 0, 3, 1.81
1522271000, 0, 990, 1526, 1291, 201, 6.79%, 0, 0, 3, 3.91
1522271005, 0, 1003, 1533, 1292, 197, 6.80%, 0, 0, 3, 1066.18
1522271010, 0, 1011, 1534, 1290, 194, 6.80%, 0, 1, 3, 1265.00
1522271015, 0, 1014, 1535, 1290, 193, 6.80%, 0, 1, 3, 1275.00
1522271023, 0, 1016, 1541, 1294, 194, 6.81%, 0, 1, 3, 1.27
1522271028, 0, 1032, 1549, 1297, 190, 6.81%, 0, 1, 3, 1003.77
1522271033, 0, 1043, 1549, 1294, 187, 6.81%, 0, 1, 3, 1120.79
1522271043, 0, 1049, 1555, 1298, 186, 6.81%, 0, 1, 3, 5.27
1522271051, 0, 1062, 1563, 1302, 184, 6.81%, 0, 1, 3, 1.38
1522271056, 0, 1071, 1563, 1300, 182, 6.81%, 0, 1, 3, 1209.86
1522271061, 0, 1084, 1582, 1316, 181, 6.83%, 0, 1, 3, 1111.92
1522271066, 0, 1095, 1582, 1315, 180, 6.83%, 0, 1, 3, 1302.77
1522271073, 0, 1099, 1582, 1314, 179, 6.83%, 0, 1, 3, 0.15
1522271078, 0, 1102, 1582, 1312, 177, 6.83%, 0, 1, 3, 1187.80
1522271088, 0, 1108, 1606, 1332, 181, 6.91%, 0, 1, 3, 4.77
1522271094, 0, 1110, 1606, 1331, 180, 6.91%, 0, 1, 3, 5.23
1522271099, 0, 1111, 1623, 1347, 187, 6.93%, 0, 1, 3, 12.14
1522271104, 0, 1120, 1623, 1343, 184, 6.93%, 0, 1, 3, 1174.61
1522271109, 0, 1127, 1632, 1349, 187, 6.94%, 0, 1, 3, 1137.23
1522271122, 0, 1134, 1638, 1352, 188, 6.95%, 0, 1, 3, 3.11
1522271128, 0, 1142, 1638, 1348, 184, 6.95%, 0, 1, 3, 1211.30
1522271133, 0, 1146, 1656, 1363, 183, 6.97%, 0, 1, 3, 1162.71
1522271138, 0, 1150, 1663, 1367, 181, 6.97%, 0, 1, 3, 1143.35
1522271143, 0, 1208, 1672, 1363, 171, 6.98%, 0, 1, 3, 1095.62
1522271148, 0, 1214, 1677, 1365, 169, 6.99%, 0, 1, 3, 1121.00
1522271153, 0, 1219, 1677, 1362, 166, 6.99%, 0, 1, 3, 1123.44
1522271158, 0, 1237, 1687, 1366, 163, 7.03%, 0, 1, 3, 1067.97
1522271163, 0, 1250, 1687, 1363, 160, 7.03%, 0, 1, 3, 1062.23
1522271169, 0, 1258, 1700, 1373, 159, 7.04%, 0, 1, 3, 1132.08
1522271174, 0, 1280, 1709, 1376, 154, 7.04%, 0, 1, 3, 1147.06
1522271179, 0, 1291, 1709, 1374, 152, 7.04%, 0, 1, 3, 1079.10
1522271184, 0, 1310, 1716, 1376, 150, 7.04%, 0, 1, 3, 1312.17
1522271189, 0, 1326, 1727, 1382, 152, 7.08%, 0, 1, 3, 1200.21
1522271194, 0, 1340, 1738, 1390, 151, 7.08%, 0, 1, 3, 974.99
1522271199, 0, 1357, 1748, 1396, 148, 7.08%, 0, 1, 3, 1057.81
1522271204, 0, 1382, 1751, 1393, 142, 7.08%, 0, 1, 3, 1167.56
1522271209, 0, 1386, 1757, 1396, 140, 7.09%, 0, 1, 3, 1232.13
1522271215, 0, 1394, 1757, 1392, 136, 7.09%, 0, 1, 3, 1395.92
1522271220, 0, 1399, 1762, 1394, 135, 7.11%, 0, 1, 3, 1249.68
1522271225, 0, 1407, 1774, 1402, 140, 7.15%, 0, 1, 3, 1259.54
1522271230, 0, 1414, 1780, 1404, 140, 7.15%, 0, 1, 3, 1134.75
1522271235, 0, 1423, 1780, 1401, 137, 7.15%, 0, 1, 3, 1284.14
1522271240, 0, 1445, 1789, 1405, 134, 7.16%, 0, 1, 3, 1410.81
1522271245, 0, 1454, 1792, 1404, 132, 7.16%, 0, 1, 3, 1220.92
1522271250, 0, 1469, 1802, 1409, 129, 7.17%, 0, 1, 3, 1105.87
1522271255, 0, 1483, 1806, 1407, 125, 7.17%, 0, 1, 3, 1260.73
1522271260, 0, 1495, 1810, 1404, 117, 7.17%, 0, 1, 3, 1287.14
1522271265, 0, 1499, 1810, 1401, 114, 7.17%, 0, 1, 3, 1142.15
1522271270, 0, 1508, 1825, 1413, 122, 7.21%, 0, 1, 3, 1056.75
1522271275, 0, 1523, 1828, 1411, 117, 7.21%, 0, 1, 3, 1166.93
1522271280, 0, 1534, 1828, 1408, 114, 7.21%, 0, 1, 3, 1238.56
1522271285, 0, 1549, 1832, 1407, 110, 7.21%, 0, 1, 3, 1375.67
1522271290, 0, 1563, 1834, 1405, 107, 7.21%, 0, 1, 3, 1251.64
1522271296, 0, 1584, 1839, 1404, 106, 7.23%, 0, 1, 3, 1165.93
1522271301, 0, 1596, 1846, 1407, 106, 7.23%, 0, 1, 3, 1241.42
1522271306, 0, 1606, 1852, 1410, 108, 7.24%, 0, 1, 3, 1231.43
1522271311, 0, 1609, 1852, 1407, 105, 7.24%, 0, 1, 3, 1416.43
1522271316, 0, 1619, 1861, 1412, 105, 7.24%, 0, 1, 3, 1192.85
1522271321, 0, 1632, 1865, 1410, 102, 7.25%, 0, 1, 3, 1149.26
1522271326, 0, 1649, 1871, 1411, 101, 7.29%, 0, 1, 3, 1280.06
1522271331, 0, 1658, 1875, 1412, 101, 7.32%, 0, 1, 3, 1325.56
1522271336, 0, 1680, 1881, 1413, 97, 7.32%, 0, 1, 3, 1262.37
1522271341, 0, 1687, 1885, 1413, 94, 7.32%, 0, 1, 3, 1148.22
1522271346, 0, 1703, 1885, 1410, 91, 7.32%, 0, 1, 3, 1015.23
1522271352, 0, 1723, 1893, 1409, 85, 7.33%, 0, 1, 3, 1260.56
1522271357, 0, 1761, 1900, 1408, 84, 7.36%, 0, 1, 3, 1286.28
1522271362, 0, 1772, 1905, 1406, 79, 7.38%, 0, 1, 3, 1301.67
1522271367, 0, 1788, 1907, 1400, 71, 7.38%, 0, 1, 3, 1222.14
1522271372, 0, 1803, 1908, 1395, 66, 7.38%, 0, 1, 3, 1297.06
1522271377, 0, 1810, 1911, 1394, 64, 7.39%, 0, 1, 3, 1213.62
1522271382, 0, 1815, 1914, 1392, 61, 7.39%, 0, 1, 3, 1108.34
1522271387, 0, 1826, 1915, 1386, 55, 7.39%, 0, 1, 3, 1218.19
1522271392, 0, 1838, 1916, 1383, 51, 7.39%, 0, 1, 3, 1334.31
1522271397, 0, 1847, 1918, 1379, 46, 7.39%, 0, 1, 3, 1249.60
1522271402, 0, 1854, 1923, 1380, 43, 7.39%, 0, 1, 3, 1276.57
1522271408, 0, 1864, 1930, 1383, 40, 7.39%, 0, 1, 3, 1199.33
1522271413, 0, 1873, 1930, 1376, 33, 7.39%, 0, 1, 3, 1128.96
1522271418, 0, 1883, 1931, 1374, 31, 7.40%, 0, 1, 3, 1178.34
1522271423, 0, 1895, 1937, 1373, 28, 7.40%, 0, 1, 3, 1356.61
1522271428, 0, 1904, 1937, 1366, 21, 7.40%, 0, 1, 3, 1258.84
1522271433, 0, 1908, 1937, 1363, 18, 7.40%, 0, 1, 3, 1143.53
1522271438, 0, 1919, 1946, 1366, 17, 7.47%, 0, 1, 3, 1268.27
1522271443, 0, 1932, 1953, 1370, 18, 7.49%, 0, 1, 3, 1282.00
1522271449, 0, 1941, 1957, 1370, 17, 7.49%, 0, 1, 3, 1379.15
1522271454, 0, 1950, 1978, 1387, 21, 7.63%, 0, 1, 3, 1328.28
1522271459, 0, 1950, 1998, 1407, 21, 7.71%, 0, 1, 3, 1380.85
1522271464, 0, 1953, 2000, 1406, 40, 7.71%, 0, 1, 3, 1366.74
1522271469, 0, 1971, 2008, 1402, 33, 7.72%, 0, 1, 4, 1651.43
1522271474, 0, 1973, 2031, 1423, 31, 7.82%, 0, 1, 4, 1323.09
1522271479, 0, 1983, 2046, 1432, 36, 7.82%, 0, 1, 4, 1293.30
1522271484, 0, 1999, 2051, 1431, 34, 7.83%, 0, 1, 4, 1360.98
1522271489, 0, 2005, 2053, 1429, 31, 7.84%, 0, 1, 5, 1415.64
