# unix_time, cycles_done, cur_path, paths_total, pending_total, pending_favs, map_size, unique_crashes, unique_hangs, max_depth, execs_per_sec
1522365942, 0, 0, 1, 1, 1, 3.88%, 0, 0, 1, 285.71
1522365947, 0, 0, 40, 40, 1, 4.71%, 0, 0, 2, 342.74
1522365952, 0, 0, 54, 54, 1, 4.72%, 0, 0, 2, 320.31
1522365957, 0, 0, 58, 58, 1, 4.72%, 0, 0, 2, 315.54
1522365962, 0, 0, 140, 140, 1, 4.93%, 0, 0, 2, 311.95
1522365968, 0, 0, 176, 176, 1, 5.06%, 0, 0, 2, 311.86
1522365973, 0, 0, 239, 239, 1, 5.31%, 0, 0, 2, 324.42
1522365978, 0, 0, 289, 289, 1, 5.46%, 0, 0, 2, 314.33
1522365983, 0, 0, 307, 307, 1, 5.51%, 0, 0, 2, 312.38
1522365988, 0, 0, 328, 328, 1, 5.56%, 0, 0, 2, 312.25
1522365993, 0, 0, 335, 335, 1, 5.58%, 0, 0, 2, 300.57
1522365998, 0, 0, 339, 339, 1, 5.60%, 0, 0, 2, 300.73
1522366049, 0, 0, 341, 341, 1, 5.60%, 0, 0, 2, 308.74
1522366054, 0, 0, 344, 344, 1, 5.60%, 0, 0, 2, 310.76
1522366059, 0, 0, 349, 349, 1, 5.60%, 0, 0, 2, 306.34
1522366064, 0, 0, 356, 356, 1, 5.60%, 0, 0, 2, 308.33
1522366069, 0, 0, 359, 359, 1, 5.60%, 0, 0, 2, 305.31
1522366074, 0, 0, 373, 373, 1, 5.65%, 0, 0, 2, 309.65
1522366079, 0, 0, 385, 385, 1, 5.67%, 0, 0, 2, 313.20
1522366084, 0, 0, 398, 398, 1, 5.70%, 0, 0, 2, 313.49
1522366089, 0, 0, 400, 400, 1, 5.71%, 0, 0, 2, 314.54
1522366094, 0, 0, 407, 407, 1, 5.74%, 0, 0, 2, 300.95
1522366100, 0, 0, 413, 413, 1, 5.74%, 0, 0, 2, 217.56
1522366105, 0, 0, 427, 427, 1, 5.75%, 0, 0, 2, 200.11
1522366110, 0, 0, 433, 433, 1, 5.76%, 0, 0, 2, 197.97
1522366115, 0, 0, 445, 445, 1, 5.78%, 0, 0, 2, 196.57
1522366120, 0, 0, 454, 454, 1, 5.79%, 0, 0, 2, 196.68
1522366125, 0, 0, 459, 459, 1, 5.80%, 0, 0, 2, 196.32
1522366130, 0, 0, 462, 462, 1, 5.80%, 0, 0, 2, 196.18
1522366135, 0, 0, 468, 468, 1, 5.81%, 0, 0, 2, 192.55
1522366140, 0, 0, 470, 470, 1, 5.81%, 0, 0, 2, 191.64
1522366166, 0, 0, 473, 473, 1, 5.81%, 0, 0, 2, 191.39
1522366171, 0, 0, 476, 476, 1, 5.81%, 0, 0, 2, 192.19
1522366176, 0, 0, 484, 484, 1, 5.82%, 0, 0, 2, 192.20
1522366181, 0, 0, 520, 520, 1, 5.97%, 0, 0, 2, 194.40
1522366186, 0, 0, 569, 569, 1, 6.02%, 0, 0, 2, 336.82
1522366191, 0, 0, 642, 642, 1, 6.23%, 0, 0, 2, 406.16
1522366196, 0, 0, 717, 717, 1, 6.52%, 0, 0, 2, 424.37
1522366202, 0, 0, 752, 752, 1, 6.54%, 0, 0, 2, 330.44
1522366207, 0, 0, 789, 789, 1, 6.55%, 0, 0, 2, 336.06
1522366212, 0, 0, 807, 807, 1, 6.55%, 0, 0, 2, 349.00
1522366217, 0, 0, 829, 829, 1, 6.56%, 0, 0, 2, 332.13
1522366222, 0, 0, 852, 852, 1, 6.56%, 0, 0, 2, 353.14
1522366227, 0, 0, 868, 868, 1, 6.57%, 0, 0, 2, 366.05
1522366232, 0, 0, 885, 885, 1, 6.62%, 0, 0, 2, 246.55
1522366237, 0, 0, 907, 907, 1, 6.62%, 0, 0, 2, 272.17
1522366242, 0, 0, 957, 957, 1, 6.73%, 0, 0, 2, 357.21
1522366248, 0, 0, 983, 983, 1, 7.17%, 0, 0, 2, 297.72
1522366253, 0, 0, 985, 985, 1, 7.17%, 0, 0, 2, 295.89
1522366268, 0, 0, 988, 988, 1, 7.18%, 0, 0, 2, 237.77
1522366273, 0, 0, 997, 997, 1, 7.19%, 0, 0, 2, 329.34
1522366279, 0, 0, 1001, 1001, 1, 7.19%, 0, 0, 2, 302.12
1522366284, 0, 0, 1006, 1006, 1, 7.22%, 0, 0, 2, 313.77
1522366289, 0, 0, 1011, 1011, 1, 7.24%, 0, 0, 2, 310.84
1522366294, 0, 0, 1013, 1013, 1, 7.25%, 0, 0, 2, 307.96
1522366355, 0, 0, 1014, 1014, 1, 7.25%, 0, 0, 2, 286.98
1522366376, 0, 0, 1015, 1015, 1, 7.25%, 0, 0, 2, 211.92
1522366381, 0, 0, 1017, 1017, 1, 7.26%, 0, 0, 2, 231.06
1522366386, 0, 0, 1018, 1018, 1, 7.26%, 0, 0, 2, 288.41
1522366391, 0, 0, 1021, 1021, 1, 7.27%, 0, 0, 2, 254.90
1522366396, 0, 0, 1022, 1022, 1, 7.27%, 0, 0, 2, 235.91
1522366401, 0, 0, 1023, 1023, 1, 7.27%, 0, 0, 2, 200.21
1522366406, 0, 0, 1024, 1024, 1, 7.27%, 0, 0, 2, 206.03
1522366417, 0, 0, 1025, 1025, 1, 7.27%, 0, 0, 2, 301.17
1522366427, 0, 0, 1026, 1026, 1, 7.27%, 0, 0, 2, 195.25
1522366432, 0, 0, 1029, 1029, 1, 7.28%, 0, 0, 2, 272.34
1522366478, 0, 0, 1035, 1035, 1, 7.28%, 0, 0, 2, 262.49
1522366483, 0, 0, 1043, 1043, 1, 7.29%, 0, 0, 2, 327.07
1522366488, 0, 0, 1061, 1061, 1, 7.32%, 0, 0, 2, 373.74
1522366493, 0, 0, 1079, 1079, 1, 7.45%, 0, 0, 2, 390.51
1522366498, 0, 0, 1090, 1090, 1, 7.45%, 0, 0, 2, 358.24
1522366503, 0, 0, 1096, 1096, 1, 7.45%, 0, 0, 2, 275.70
1522366508, 0, 0, 1099, 1099, 1, 7.45%, 0, 0, 2, 233.41
1522366513, 0, 0, 1102, 1102, 1, 7.45%, 0, 0, 2, 300.42
1522366519, 0, 0, 1106, 1106, 1, 7.45%, 0, 0, 2, 322.34
1522366524, 0, 0, 1116, 1116, 1, 7.45%, 0, 0, 2, 313.31
1522366529, 0, 0, 1121, 1121, 1, 7.45%, 0, 0, 2, 307.08
1522366534, 0, 0, 1144, 1144, 1, 7.45%, 0, 0, 2, 291.85
1522366539, 0, 0, 1148, 1148, 1, 7.46%, 0, 0, 2, 321.79
1522366559, 0, 0, 1149, 1149, 1, 7.46%, 0, 0, 2, 255.32
1522366564, 0, 0, 1152, 1152, 1, 7.48%, 0, 0, 2, 269.33
1522366569, 0, 0, 1155, 1155, 1, 7.49%, 0, 0, 2, 301.37
1522366580, 0, 0, 1158, 1158, 1, 7.51%, 0, 0, 2, 221.84
1522366585, 0, 0, 1161, 1161, 1, 7.52%, 0, 0, 2, 258.45
1522366590, 0, 0, 1163, 1163, 1, 7.52%, 0, 0, 2, 209.83
1522366682, 0, 0, 1164, 1164, 1, 7.53%, 0, 0, 2, 306.53
1522366692, 0, 0, 1166, 1166, 1, 7.54%, 0, 0, 2, 287.62
1522366732, 0, 0, 1167, 1167, 1, 7.54%, 0, 0, 2, 215.46
1522366743, 0, 0, 1168, 1168, 1, 7.54%, 0, 0, 2, 223.31
1522366773, 0, 0, 1169, 1169, 1, 7.54%, 0, 0, 2, 270.74
1522366779, 0, 0, 1173, 1173, 1, 7.54%, 0, 0, 2, 337.12
1522366784, 0, 0, 1181, 1181, 1, 7.54%, 0, 0, 2, 417.21
1522366789, 0, 0, 1187, 1187, 1, 7.55%, 0, 0, 2, 307.62
1522366794, 0, 0, 1195, 1195, 1, 7.55%, 0, 0, 2, 288.77
1522366799, 0, 0, 1201, 1201, 1, 7.55%, 0, 0, 2, 329.76
1522366804, 0, 0, 1208, 1208, 1, 7.55%, 0, 0, 2, 321.00
1522366809, 0, 0, 1211, 1211, 1, 7.55%, 0, 0, 2, 340.94
1522366814, 0, 0, 1212, 1212, 1, 7.55%, 0, 0, 2, 327.83
1522366819, 0, 0, 1213, 1213, 1, 7.55%, 0, 0, 2, 253.56
1522366824, 0, 0, 1215, 1215, 1, 7.55%, 0, 0, 2, 269.83
1522366829, 0, 0, 1217, 1217, 1, 7.55%, 0, 0, 2, 305.00
1522366834, 0, 0, 1228, 1228, 1, 7.55%, 0, 0, 2, 347.24
1522366855, 0, 0, 1232, 1232, 1, 7.58%, 0, 0, 2, 269.02
1522366865, 0, 0, 1233, 1233, 1, 7.59%, 0, 0, 2, 286.39
1522366870, 0, 0, 1235, 1235, 1, 7.59%, 0, 0, 2, 242.13
1522366875, 0, 0, 1240, 1240, 1, 7.59%, 0, 0, 2, 267.59
1522366880, 0, 0, 1242, 1242, 1, 7.60%, 0, 0, 2, 305.03
1522366885, 0, 0, 1243, 1243, 1, 7.60%, 0, 0, 2, 347.80
1522366890, 0, 0, 1246, 1246, 1, 7.60%, 0, 0, 2, 361.08
1522366895, 0, 0, 1248, 1248, 1, 7.60%, 0, 0, 2, 257.52
1522366900, 0, 0, 1249, 1249, 1, 7.60%, 0, 0, 2, 263.10
1522366905, 0, 0, 1251, 1251, 1, 7.60%, 0, 0, 2, 263.45
1522366910, 0, 0, 1252, 1252, 1, 7.60%, 0, 0, 2, 388.40
1522366916, 0, 0, 1286, 1286, 1, 7.65%, 0, 0, 2, 484.76
1522366926, 0, 0, 1287, 1287, 1, 7.65%, 0, 0, 2, 229.61
1522366931, 0, 0, 1289, 1289, 1, 7.65%, 0, 0, 2, 235.78
1522366946, 0, 0, 1290, 1290, 1, 7.66%, 0, 0, 2, 244.94
1522366964, 0, 0, 1291, 1291, 1, 7.66%, 0, 0, 2, 1.02
1522367031, 0, 0, 1293, 1293, 1, 7.66%, 0, 0, 2, 1.14
1522367042, 0, 0, 1294, 1294, 1, 7.66%, 0, 0, 2, 465.19
1522367079, 0, 0, 1296, 1296, 1, 7.68%, 0, 0, 2, 243.54
1522367084, 0, 0, 1298, 1298, 1, 7.68%, 0, 0, 2, 209.84
1522367089, 0, 0, 1301, 1301, 1, 7.70%, 0, 0, 2, 310.27
1522367101, 0, 0, 1304, 1304, 1, 7.70%, 0, 0, 2, 0.52
1522367106, 0, 0, 1307, 1307, 1, 7.71%, 0, 0, 2, 309.93
1522367130, 0, 0, 1310, 1310, 1, 7.76%, 0, 0, 2, 306.84
1522367149, 0, 0, 1311, 1311, 1, 7.76%, 0, 0, 2, 0.83
1522367170, 0, 0, 1312, 1312, 1, 7.77%, 0, 0, 2, 300.80
1522367192, 0, 0, 1313, 1313, 1, 7.77%, 0, 0, 2, 0.63
1522367197, 0, 0, 1314, 1314, 1, 7.77%, 0, 0, 2, 195.28
1522367224, 0, 0, 1316, 1316, 1, 7.80%, 0, 0, 2, 1.04
1522367239, 0, 0, 1317, 1317, 1, 7.83%, 0, 0, 2, 204.04
1522367254, 0, 0, 1318, 1318, 1, 7.84%, 0, 0, 2, 1.38
1522367259, 0, 0, 1320, 1320, 1, 7.86%, 0, 0, 2, 216.72
1522367264, 0, 0, 1321, 1321, 1, 7.86%, 0, 0, 2, 213.65
1522367320, 0, 0, 1322, 1322, 1, 7.86%, 0, 0, 2, 1.56
1522367364, 0, 0, 1324, 1324, 1, 7.87%, 0, 0, 2, 315.00
