# unix_time, cycles_done, cur_path, paths_total, pending_total, pending_favs, map_size, unique_crashes, unique_hangs, max_depth, execs_per_sec
1522366094, 0, 0, 1, 1, 1, 3.88%, 0, 0, 1, 177.78
1522366099, 0, 0, 135, 135, 1, 5.07%, 0, 0, 2, 372.16
1522366104, 0, 0, 247, 247, 1, 5.45%, 0, 0, 2, 409.92
1522366109, 0, 0, 329, 329, 1, 5.61%, 0, 0, 2, 470.45
1522366115, 0, 0, 395, 395, 1, 5.91%, 0, 0, 2, 511.82
1522366120, 0, 0, 457, 457, 1, 6.08%, 0, 0, 2, 529.82
1522366125, 0, 0, 513, 513, 1, 6.13%, 0, 0, 2, 504.45
1522366130, 0, 0, 568, 568, 1, 6.25%, 0, 0, 2, 526.10
1522366135, 0, 0, 647, 646, 0, 6.55%, 0, 0, 2, 280.42
1522366140, 0, 0, 718, 717, 0, 6.78%, 0, 0, 2, 175.69
1522366145, 0, 0, 794, 793, 0, 6.86%, 0, 0, 2, 151.53
1522366150, 0, 0, 877, 876, 0, 7.12%, 0, 0, 2, 162.66
1522366155, 0, 0, 958, 957, 0, 7.37%, 0, 0, 2, 150.68
1522366160, 0, 0, 1034, 1033, 0, 7.47%, 0, 0, 2, 155.77
1522366165, 0, 0, 1116, 1115, 0, 7.53%, 0, 0, 2, 166.74
1522366170, 0, 0, 1201, 1200, 0, 7.60%, 0, 0, 2, 176.53
1522366175, 0, 0, 1276, 1275, 0, 7.71%, 0, 0, 2, 158.61
1522366180, 0, 0, 1350, 1349, 0, 7.80%, 0, 0, 2, 156.05
1522366196, 0, 0, 1376, 1375, 0, 7.83%, 0, 0, 2, 0.22
1522366213, 0, 0, 1386, 1385, 0, 7.84%, 0, 0, 2, 0.21
1522366226, 0, 0, 1404, 1403, 0, 7.86%, 0, 0, 2, 0.50
1522366232, 0, 0, 1423, 1422, 0, 7.89%, 0, 0, 2, 159.76
1522366237, 0, 0, 1430, 1429, 0, 7.89%, 0, 0, 2, 183.17
1522366245, 0, 0, 1434, 1433, 0, 7.89%, 0, 0, 2, 0.57
1522366253, 0, 0, 1456, 1455, 0, 7.91%, 0, 0, 2, 0.75
1522366259, 0, 0, 1481, 1480, 0, 7.95%, 0, 0, 2, 1.71
1522366264, 0, 0, 1525, 1524, 0, 7.99%, 0, 0, 2, 167.79
1522366275, 0, 23, 1547, 1546, 351, 7.99%, 0, 0, 2, 2.93
1522366309, 0, 86, 1547, 1543, 348, 7.99%, 0, 0, 2, 0.68
1522366323, 0, 92, 1551, 1545, 346, 8.00%, 0, 0, 2, 0.09
1522366331, 0, 92, 1581, 1575, 346, 8.07%, 0, 0, 2, 1.22
1522366336, 0, 92, 1655, 1649, 346, 8.19%, 0, 0, 2, 129.19
1522366341, 0, 92, 1720, 1714, 346, 8.26%, 0, 0, 2, 140.84
1522366350, 0, 92, 1734, 1728, 346, 8.27%, 0, 0, 2, 0.37
1522366370, 0, 92, 1750, 1744, 346, 8.34%, 0, 0, 2, 0.17
1522366375, 0, 92, 1793, 1787, 346, 8.39%, 0, 0, 2, 162.33
1522366381, 0, 92, 1834, 1828, 346, 8.44%, 0, 0, 2, 1.79
1522366388, 0, 92, 1842, 1836, 346, 8.44%, 0, 0, 2, 0.35
1522366394, 0, 92, 1866, 1860, 346, 8.46%, 0, 0, 2, 0.60
1522366399, 0, 92, 1909, 1903, 346, 8.47%, 0, 0, 2, 138.53
1522366404, 0, 92, 1935, 1929, 346, 8.48%, 0, 0, 2, 189.05
1522366409, 0, 92, 1942, 1936, 346, 8.49%, 0, 0, 2, 134.33
1522366417, 0, 92, 1945, 1939, 346, 8.49%, 0, 0, 2, 0.60
1522366422, 0, 92, 1970, 1964, 346, 8.50%, 0, 0, 2, 122.84
1522366427, 0, 92, 1998, 1992, 346, 8.62%, 0, 0, 2, 97.00
1522366435, 0, 99, 1998, 1991, 408, 8.62%, 0, 0, 2, 4.13
1522366450, 0, 146, 2003, 1992, 404, 8.62%, 0, 0, 2, 70.17
1522366455, 0, 146, 2030, 2019, 404, 8.64%, 0, 0, 2, 80.26
1522366460, 0, 171, 2031, 2019, 403, 8.64%, 0, 0, 2, 880.32
1522366465, 0, 194, 2048, 2032, 400, 8.68%, 0, 0, 2, 81.60
1522366470, 0, 202, 2055, 2038, 400, 8.68%, 0, 0, 2, 990.41
1522366475, 0, 253, 2057, 2038, 398, 8.68%, 0, 0, 3, 898.28
1522366480, 0, 260, 2057, 2037, 397, 8.68%, 0, 0, 3, 1310.48
1522366501, 0, 260, 2066, 2045, 396, 8.70%, 0, 0, 3, 0.15
1522366506, 0, 260, 2117, 2096, 396, 8.82%, 0, 0, 3, 91.50
1522366512, 0, 262, 2122, 2101, 408, 8.82%, 0, 0, 3, 6.48
1522366517, 0, 264, 2122, 2100, 407, 8.82%, 0, 0, 3, 1285.20
1522366523, 0, 269, 2122, 2099, 406, 8.82%, 0, 0, 3, 0.18
1522366531, 0, 301, 2122, 2097, 404, 8.82%, 0, 0, 3, 6.17
1522366542, 0, 301, 2146, 2120, 403, 8.82%, 0, 0, 3, 0.30
1522366548, 0, 321, 2170, 2144, 403, 8.83%, 0, 0, 3, 15.82
1522366553, 0, 337, 2170, 2142, 402, 8.83%, 0, 0, 3, 1061.29
1522366559, 0, 338, 2171, 2142, 401, 8.83%, 0, 0, 3, 4.76
1522366564, 0, 350, 2173, 2142, 399, 8.83%, 0, 0, 3, 36.87
1522366573, 0, 350, 2179, 2148, 399, 8.84%, 0, 0, 3, 0.13
1522366578, 0, 350, 2202, 2171, 399, 8.84%, 0, 0, 3, 0.87
1522366585, 0, 350, 2237, 2206, 399, 8.86%, 0, 0, 3, 0.41
1522366590, 0, 362, 2240, 2209, 401, 8.86%, 0, 0, 3, 1170.79
1522366598, 0, 363, 2240, 2208, 400, 8.86%, 0, 0, 3, 2.01
1522366604, 0, 376, 2240, 2206, 398, 8.86%, 0, 0, 3, 5.43
1522366612, 0, 393, 2240, 2205, 397, 8.86%, 0, 0, 3, 4.41
1522366617, 0, 393, 2281, 2245, 396, 8.90%, 0, 0, 3, 80.74
1522366622, 0, 400, 2288, 2251, 396, 8.90%, 0, 0, 3, 1034.95
1522366627, 0, 425, 2288, 2248, 393, 8.90%, 0, 0, 3, 1020.33
1522366632, 0, 429, 2299, 2258, 395, 8.95%, 0, 0, 3, 943.43
1522366637, 0, 437, 2302, 2259, 393, 8.95%, 0, 0, 3, 1122.69
1522366642, 0, 447, 2302, 2257, 391, 8.95%, 0, 0, 3, 1076.65
1522366650, 0, 447, 2305, 2259, 391, 8.95%, 0, 0, 3, 1.27
1522366655, 0, 450, 2322, 2276, 388, 8.98%, 0, 0, 3, 1310.00
1522366661, 0, 477, 2322, 2274, 386, 8.98%, 0, 0, 3, 12.72
1522366666, 0, 503, 2322, 2272, 384, 8.98%, 0, 0, 3, 1145.10
1522366671, 0, 521, 2336, 2285, 385, 8.99%, 0, 0, 3, 1267.19
1522366685, 0, 523, 2336, 2284, 385, 8.99%, 0, 0, 3, 0.85
1522366706, 0, 540, 2336, 2282, 384, 8.99%, 0, 0, 3, 1.12
1522366712, 0, 551, 2354, 2298, 382, 9.00%, 0, 0, 3, 0.81
1522366718, 0, 559, 2370, 2314, 386, 9.00%, 0, 0, 3, 7.19
1522366727, 0, 566, 2370, 2312, 384, 9.00%, 0, 0, 3, 4.63
1522366732, 0, 575, 2371, 2311, 382, 9.00%, 0, 0, 3, 1001.73
1522366737, 0, 585, 2387, 2325, 382, 9.01%, 0, 0, 3, 768.48
1522366742, 0, 590, 2388, 2325, 381, 9.01%, 0, 0, 3, 692.96
1522366747, 0, 592, 2389, 2325, 380, 9.01%, 0, 0, 3, 756.89
1522366754, 0, 593, 2394, 2328, 379, 9.01%, 0, 0, 3, 0.27
1522366759, 0, 598, 2402, 2335, 376, 9.01%, 0, 0, 3, 906.31
1522366764, 0, 609, 2402, 2332, 373, 9.01%, 0, 0, 3, 923.73
1522366773, 0, 610, 2409, 2338, 373, 9.01%, 0, 0, 3, 4.62
1522366784, 0, 614, 2410, 2338, 372, 9.01%, 0, 0, 3, 2.58
1522366789, 0, 628, 2411, 2336, 369, 9.01%, 0, 0, 3, 877.51
1522366795, 0, 630, 2442, 2366, 377, 9.10%, 0, 0, 3, 0.98
1522366800, 0, 643, 2442, 2365, 376, 9.10%, 0, 0, 3, 3.43
1522366805, 0, 644, 2442, 2364, 375, 9.10%, 0, 0, 3, 834.97
1522366819, 0, 646, 2443, 2363, 373, 9.10%, 0, 0, 3, 865.46
1522366824, 0, 651, 2464, 2383, 369, 9.12%, 0, 0, 3, 883.89
1522366829, 0, 651, 2465, 2384, 369, 9.12%, 0, 0, 3, 430.00
1522366834, 0, 653, 2465, 2383, 368, 9.12%, 0, 0, 3, 860.00
1522366839, 0, 656, 2466, 2382, 366, 9.12%, 0, 0, 3, 682.26
1522366844, 0, 661, 2469, 2383, 364, 9.12%, 0, 0, 3, 58.44
1522366852, 0, 674, 2479, 2392, 364, 9.13%, 0, 0, 3, 2.83
1522366862, 0, 674, 2480, 2393, 364, 9.13%, 0, 0, 3, 0.24
1522366867, 0, 688, 2481, 2391, 362, 9.13%, 0, 0, 3, 767.75
1522366872, 0, 691, 2495, 2404, 368, 9.14%, 0, 0, 3, 531.18
1522366883, 0, 718, 2496, 2404, 367, 9.14%, 0, 0, 3, 1.36
1522366893, 0, 718, 2497, 2405, 367, 9.14%, 0, 0, 3, 2.93
1522366900, 0, 773, 2498, 2403, 364, 9.14%, 0, 0, 3, 6.70
1522366905, 0, 783, 2508, 2412, 365, 9.18%, 0, 0, 3, 36.20
1522366910, 0, 793, 2510, 2412, 363, 9.18%, 0, 0, 3, 1226.22
1522366916, 0, 835, 2510, 2410, 361, 9.18%, 0, 0, 3, 7.31
1522366929, 0, 849, 2520, 2418, 360, 9.19%, 0, 0, 3, 7.49
1522366934, 0, 858, 2522, 2419, 359, 9.19%, 0, 0, 3, 745.00
1522366939, 0, 868, 2547, 2441, 357, 9.22%, 0, 0, 3, 161.73
1522366946, 0, 910, 2548, 2439, 359, 9.22%, 0, 0, 3, 2.86
1522366951, 0, 922, 2560, 2449, 357, 9.22%, 0, 0, 3, 82.12
1522366957, 0, 934, 2562, 2450, 356, 9.22%, 0, 0, 3, 6.80
1522366962, 0, 952, 2564, 2449, 354, 9.25%, 0, 0, 3, 1119.67
1522366967, 0, 959, 2572, 2455, 353, 9.25%, 0, 0, 3, 821.97
1522366972, 0, 970, 2574, 2456, 352, 9.25%, 0, 0, 3, 1075.53
1522366980, 0, 987, 2574, 2454, 351, 9.25%, 0, 0, 3, 4.19
1522366988, 0, 997, 2587, 2466, 353, 9.25%, 0, 0, 3, 3.55
1522366993, 0, 1018, 2589, 2465, 350, 9.25%, 0, 0, 3, 651.74
1522366998, 0, 1029, 2595, 2468, 350, 9.26%, 0, 0, 3, 1084.42
1522367003, 0, 1056, 2598, 2468, 347, 9.26%, 0, 0, 3, 1223.47
1522367011, 0, 1056, 2609, 2478, 346, 9.26%, 0, 0, 3, 0.19
1522367018, 0, 1065, 2609, 2478, 346, 9.26%, 0, 0, 3, 1.33
1522367023, 0, 1083, 2619, 2485, 344, 9.27%, 0, 0, 3, 1176.78
1522367030, 0, 1104, 2637, 2501, 344, 9.28%, 0, 0, 3, 7.06
1522367041, 0, 1112, 2648, 2510, 345, 9.29%, 0, 0, 3, 3.17
1522367047, 0, 1116, 2649, 2510, 344, 9.29%, 0, 0, 3, 12.49
1522367052, 0, 1127, 2660, 2518, 341, 9.29%, 0, 0, 3, 1309.70
1522367057, 0, 1130, 2662, 2518, 339, 9.29%, 0, 0, 3, 231.00
1522367062, 0, 1164, 2671, 2524, 337, 9.29%, 0, 0, 3, 997.55
1522367067, 0, 1168, 2672, 2524, 336, 9.29%, 0, 0, 3, 926.72
1522367076, 0, 1170, 2673, 2524, 335, 9.29%, 0, 0, 3, 2.20
1522367081, 0, 1177, 2680, 2529, 333, 9.29%, 0, 0, 3, 1040.25
1522367086, 0, 1202, 2690, 2538, 333, 9.29%, 0, 0, 3, 1100.21
1522367091, 0, 1213, 2691, 2538, 332, 9.29%, 0, 0, 3, 1465.53
1522367099, 0, 1215, 2691, 2537, 331, 9.29%, 0, 0, 3, 4.62
1522367105, 0, 1263, 2708, 2551, 326, 9.30%, 0, 0, 3, 10.50
1522367110, 0, 1268, 2708, 2549, 324, 9.30%, 0, 0, 3, 1221.28
1522367115, 0, 1287, 2718, 2557, 323, 9.30%, 0, 0, 3, 1257.56
1522367123, 0, 1296, 2718, 2555, 321, 9.30%, 0, 0, 3, 6.12
1522367136, 0, 1318, 2738, 2572, 323, 9.34%, 0, 0, 3, 1280.00
1522367143, 0, 1323, 2738, 2571, 322, 9.34%, 0, 0, 3, 0.98
1522367152, 0, 1336, 2740, 2570, 320, 9.35%, 0, 0, 3, 4.82
1522367158, 0, 1349, 2766, 2595, 328, 9.37%, 0, 0, 3, 2.50
1522367163, 0, 1370, 2766, 2593, 327, 9.37%, 0, 0, 3, 827.88
1522367168, 0, 1379, 2767, 2592, 325, 9.37%, 0, 0, 3, 852.22
1522367173, 0, 1379, 2797, 2621, 324, 9.41%, 0, 0, 3, 0.51
1522367188, 0, 1381, 2799, 2623, 333, 9.41%, 0, 0, 3, 2.06
1522367193, 0, 1388, 2799, 2621, 332, 9.41%, 0, 0, 3, 959.61
1522367198, 0, 1397, 2800, 2620, 330, 9.41%, 0, 0, 3, 1168.76
1522367203, 0, 1397, 2816, 2635, 329, 9.47%, 0, 0, 3, 110.26
1522367209, 0, 1400, 2817, 2636, 332, 9.47%, 0, 0, 3, 0.48
1522367214, 0, 1411, 2818, 2635, 331, 9.47%, 0, 0, 3, 16.15
1522367219, 0, 1433, 2819, 2634, 329, 9.47%, 0, 0, 3, 770.20
1522367224, 0, 1448, 2824, 2636, 328, 9.48%, 0, 0, 3, 1263.93
1522367234, 0, 1452, 2824, 2635, 327, 9.48%, 0, 0, 3, 0.29
1522367239, 0, 1465, 2827, 2635, 326, 9.48%, 0, 0, 3, 968.70
1522367244, 0, 1470, 2827, 2634, 325, 9.48%, 0, 0, 3, 1497.45
1522367250, 0, 1474, 2827, 2633, 324, 9.48%, 0, 0, 3, 0.46
1522367256, 0, 1484, 2835, 2638, 323, 9.48%, 0, 0, 3, 19.46
1522367261, 0, 1499, 2835, 2636, 321, 9.48%, 0, 0, 3, 374.38
1522367268, 0, 1511, 2836, 2636, 321, 9.49%, 0, 0, 3, 0.36
1522367273, 0, 1511, 2839, 2638, 320, 9.49%, 0, 0, 3, 340.39
1522367278, 0, 1519, 2849, 2647, 327, 9.51%, 0, 0, 3, 175.55
1522367283, 0, 1521, 2849, 2646, 326, 9.51%, 0, 0, 3, 263.68
1522367288, 0, 1549, 2853, 2647, 323, 9.51%, 0, 0, 3, 1244.59
1522367296, 0, 1552, 2853, 2646, 322, 9.51%, 0, 0, 3, 1.72
1522367303, 0, 1555, 2854, 2645, 320, 9.51%, 0, 0, 3, 4.77
1522367309, 0, 1563, 2860, 2649, 318, 9.52%, 0, 0, 3, 3.87
1522367314, 0, 1567, 2867, 2654, 316, 9.52%, 0, 0, 3, 711.76
1522367328, 0, 1572, 2867, 2652, 314, 9.52%, 0, 0, 3, 7.95
1522367334, 0, 1579, 2873, 2657, 312, 9.52%, 0, 0, 3, 3.49
1522367339, 0, 1614, 2873, 2654, 309, 9.52%, 0, 0, 3, 967.10
1522367344, 0, 1619, 2873, 2653, 308, 9.52%, 0, 0, 3, 568.58
1522367349, 0, 1627, 2879, 2658, 308, 9.52%, 0, 0, 3, 1160.00
1522367354, 0, 1631, 2879, 2657, 307, 9.52%, 0, 0, 3, 1440.25
1522367359, 0, 1637, 2879, 2656, 306, 9.52%, 0, 0, 3, 30.54
1522367374, 0, 1637, 2881, 2658, 306, 9.53%, 0, 0, 3, 0.72
1522367379, 0, 1653, 2890, 2664, 304, 9.53%, 0, 0, 3, 130.39
1522367384, 0, 1682, 2890, 2662, 306, 9.53%, 0, 0, 3, 769.21
1522367409, 0, 1682, 2891, 2663, 306, 9.53%, 0, 0, 3, 0.05
1522367425, 0, 1685, 2891, 2662, 305, 9.53%, 0, 0, 3, 0.08
1522367444, 0, 1687, 2891, 2661, 304, 9.53%, 0, 0, 3, 0.13
